Period	AxisYear	Year	Observed_6_10	Trend_6_10	Observed_10_14	Trend_10_14	Observed_14_18	Trend_14_18	Observed_18_22	Trend_18_22	Observed_22_26	Trend_22_26	Observed_26_30	Trend_26_30	Observed_30_34	Trend_30_34	Observed_34_38	Trend_34_38
1	1946	1946		19.5115		18.7514		17.7295		19.343		17.4281		15.9568		14.3716		13.3687
2	1946.0833	1946		19.5115		18.7514		17.7295		19.343		17.4281		15.9568		14.3716		13.3687
3	1946.167	1946		19.5115		18.7514		17.7295		19.343		17.4281		15.9568		14.3716		13.3687
4	1946.25	1946	20.64	19.5115	20.23	18.7514	20.14	17.7295	20.07	19.343	18.41	17.4281	15.84	15.9568	14.42	14.3716	12.8	13.3687
5	1946.3333	1946	20.34	19.5123	18.78	18.747	17.19	17.7185	18.72	19.3418	16.91	17.4218	14.45	15.9525	14.58	14.372	14.32	13.3714
6	1946.417	1946	17.97	19.5038	17.1	18.7434	15.1	17.7133	16.34	19.3385	14.92	17.422	14.1	15.9523	12.99	14.3708		13.3716
7	1946.5	1946	16.98	19.5039	16.88	18.7463	14.85	17.7184	16.34	19.3403		17.4306		15.9555		14.3733		13.3717
8	1946.5833	1946		19.5116		18.7432		17.7267		19.3424		17.4391		15.9587		14.3759		13.3719
9	1946.667	1946		19.5193		18.7402		17.735		19.3446		17.4476		15.9619		14.3784		13.3721
10	1946.75	1946	18.9	19.5271		18.7371		17.7433		19.3468		17.4561		15.9652		14.3809		13.3722
11	1946.8333	1946		19.527	14.95	18.7341		17.7516		19.3489		17.4647	14.4	15.9684	12.48	14.3835		13.3724
12	1946.917	1946		19.5269		18.7444		17.7599		19.3511		17.4732		15.9775		14.393		13.3726
13	1947	1947	23.3	19.5269	20.17	18.7548	22.2	17.7682	23.3	19.3533	19.2	17.4817	19.02	15.9867	16.4	14.4025		13.3727
14	1947.0833	1947		19.5206		18.7656		17.7645		19.3509		17.4989		15.9909	17.2	14.4134	15.83	13.3729
15	1947.167	1947	23.6	19.5143	23.02	18.7765	20.55	17.7608		19.3486		17.5162		15.9951		14.4217		13.369
16	1947.25	1947		19.5061		18.7761		17.7626		19.3462		17.5334		15.9993		14.43		13.3652
17	1947.3333	1947	19.53	19.498	19.01	18.7758	19.55	17.7644	19.16	19.3438	18.87	17.5506	16.67	16.0035	16.1	14.4383		13.3613
18	1947.417	1947	19.2	19.4997	19.15	18.7821	18.3	17.7588		19.3425		17.5572		16.0031		14.4393		13.3575
19	1947.5	1947	17.81	19.4955	15.85	18.7756	15	17.7411		19.3412		17.5638		16.0027		14.4403		13.3536
20	1947.5833	1947	17.15	19.4939	17	18.7859	14.97	17.7351	16.1	19.3398	14.88	17.5704	14.08	16.0024	13.58	14.4414		13.3497
21	1947.667	1947		19.4942		18.7918		17.732		19.3387		17.5774	14.75	16.002	13.9	14.4392		13.3459
22	1947.75	1947		19.4945		18.7977		17.7288		19.3376		17.5845		15.9962		14.4313		13.342
23	1947.8333	1947	19.03	19.4948		18.8036		17.7257		19.3365		17.5915		15.9903		14.4234		13.3382
24	1947.917	1947	20.15	19.4924	20.58	18.8096	18.3	17.7226	20.55	19.3354	18.3	17.5985	16.15	15.9845	13.6	14.4155		13.3343
25	1948	1948		19.4846		18.8108		17.7218		19.3345	20.3	17.6125	18.32	15.9829	16.54	14.4146	13.66	13.3304
26	1948.0833	1948		19.4768		18.8121		17.7209		19.3336		17.6274		15.981		14.4133		13.3318
27	1948.167	1948	21.25	19.4689		18.8133		17.7201		19.3327	23.9	17.6423		15.9791		14.412		13.3332
28	1948.25	1948		19.4765		18.8146		17.7193		19.3318		17.6284		15.9771		14.4107		13.3346
29	1948.3333	1948	21.7	19.4842	21.15	18.8158	18.87	17.7184	19.4	19.331		17.6144		15.9752		14.4094		13.3359
30	1948.417	1948	19.1	19.4719		18.8062		17.7087		19.327		17.6004		15.9733		14.4081		13.3373
31	1948.5	1948	17.08	19.4618	16.6	18.7966	14.44	17.699	15.3	19.323		17.5865		15.9713	11.1	14.4068	11.53	13.3387
32	1948.5833	1948	16.39	19.4592	16.08	18.7933	15.43	17.7018	14.85	19.3266	13.89	17.5725	13.46	15.9694	12.63	14.4149	11.34	13.343
33	1948.667	1948		19.4584		18.7919		17.6996		19.3353		17.5688		15.9697		14.4216		13.3481
34	1948.75	1948		19.4576		18.7905		17.6974		19.344		17.5651		15.97		14.4282		13.3532
35	1948.8333	1948	17.8	19.4568		18.789		17.6952		19.3527		17.5614		15.9704		14.4348		13.3583
36	1948.917	1948	17.56	19.4485	16.95	18.7876		17.693		19.3614		17.5578		15.9707		14.4415		13.3634
37	1949	1949	21.85	19.4627	22.82	18.8098	20	17.6908	23.15	19.3701	20.17	17.5541	17.8	15.971		14.4481	16.7	13.3685
38	1949.0833	1949	23.26	19.4655	21.93	18.8073	19.17	17.6859	23.3	19.3769	20.2	17.549	21.47	15.9784		14.4547		13.369
39	1949.167	1949	24.08	19.4666	22.59	18.808	21.18	17.6958	23.26	19.3808	21.95	17.5511	19	15.9676	16.33	14.4614	12.5	13.3694
40	1949.25	1949	20.77	19.4548	20.63	18.8035	18.62	17.6916	21.67	19.382	17.24	17.5383	15	15.9518	15.02	14.4674		13.3765
41	1949.3333	1949	18.96	19.444	17.85	18.7904	18.4	17.6924	20.28	19.3823	17.42	17.5375	14.87	15.948	14.45	14.4728	13.85	13.3836
42	1949.417	1949	17.56	19.4389	16.02	18.7851	15.54	17.6863	18.22	19.3789	15.53	17.538	14.73	15.9489	14.03	14.4789		13.3898
43	1949.5	1949	15.85	19.4341		18.7912	16.3	17.6911	17.5	19.3754	15.17	17.5415	13.67	15.9507		14.4842		13.396
44	1949.5833	1949	16.72	19.4445	15.49	18.7973	14.66	17.6875	15.7	19.3694	14.44	17.5464	13.78	15.9564	12.46	14.4894	11.4	13.4022
45	1949.667	1949	17.33	19.4504	16.2	18.8088	15.56	17.6906	15.89	19.3663	14.23	17.5534	13.5	15.9603	11.95	14.4954	11.1	13.4092
46	1949.75	1949	15.97	19.4425	16.68	18.8143	15.72	17.6887	17.09	19.366	16.1	17.5681	14.44	15.9667	12.93	14.5048	12.25	13.4193
47	1949.8333	1949	18.04	19.4479	17.6	18.8178	16.59	17.6844	17.42	19.3654	16.95	17.5759	15.08	15.9696	13.9	14.5146	14.07	13.4299
48	1949.917	1949	19.85	19.4524	20.16	18.8247	18.94	17.685	21.06	19.3742	18.95	17.5845	17.06	15.9754	15.74	14.5258	14.6	13.4381
49	1950	1950	20.57	19.444	20.93	18.8229	18.05	17.6749	22.5	19.3796	20.15	17.5921	19.7	15.9801	17.88	14.5341	17.2	13.4458
50	1950.0833	1950	20	19.4326	22.46	18.824	20.88	17.6805	22.97	19.3857	22.4	17.6028	19.1	15.975	15.85	14.5362		13.4478
51	1950.167	1950	20.85	19.4351	20.44	18.8115	17.45	17.6695	23.78	19.3894	20.49	17.5934	18.09	15.9711	15.3	14.5433		13.4499
52	1950.25	1950	18.5	19.433	17.95	18.8056	17.08	17.6744	20.44	19.3845	16.1	17.5873	15.37	15.9689	13.6	14.5542		13.4519
53	1950.3333	1950	17.23	19.4311	17.28	18.8083	16.29	17.6836	19.4	19.3847	17.6	17.6063	17.37	15.9774	16.1	14.5727	14.7	13.4539
54	1950.417	1950	17.07	19.4397	16.17	18.8151	15.16	17.6962	17.88	19.3849	16.24	17.6241	14.47	15.9719	14.43	14.5824		13.4527
55	1950.5	1950	16.83	19.4491	16.67	18.8301	15.6	17.714	17.2	19.3853	15.85	17.639		15.9731		14.5911		13.4516
56	1950.5833	1950	16.77	19.458	16.32	18.8402	15.41	17.7272	16.4	19.3848	15.2	17.6513	13.6	15.9744	13.3	14.5998	10.87	13.4504
57	1950.667	1950	16.51	19.4624	16.59	18.8503	15.14	17.7353	15.85	19.3825	15	17.6605	14.11	15.9765	12.86	14.6062	12.23	13.4523
58	1950.75	1950	16.49	19.4661	16.03	18.8511	15.12	17.7411	17.12	19.3843	15.12	17.6694	13.23	15.9746	12.75	14.6121		13.4533
59	1950.8333	1950	17.36	19.4691	17.18	18.8547	16.38	17.7481	18.62	19.3871	16.6	17.6847	15	15.9774	13.74	14.6204	12.63	13.4544
60	1950.917	1950	19.83	19.4822	18.4	18.8579	17.72	17.7587	21.08	19.3927	19.75	17.7047	16.3	15.9796	15	14.6305	14.45	13.4577
61	1951	1951	21.58	19.4858	20.41	18.8638	19.95	17.7732	24.03	19.3962	19.78	17.7119	17.16	15.9806	16.78	14.641	14.4	13.4595
62	1951.0833	1951	21.52	19.4825	19.88	18.8656	19.75	17.7826	22.26	19.3894	20	17.7235	17.13	15.9857	16.3	14.651	13.88	13.4645
63	1951.167	1951	22.31	19.4899	21.8	18.8836	18.74	17.7964	19.79	19.3825	19.82	17.7427	16.19	16.0002	15.16	14.6629	13.66	13.4713
64	1951.25	1951	21.42	19.502	21.17	18.9023	19.67	17.8238	20.57	19.3913	18.88	17.7738	16.14	16.0271	14.64	14.6801	15.08	13.4814
65	1951.3333	1951	22.02	19.5162	21.55	18.9205	18.92	17.8465	19.56	19.4018	17.56	17.7989	16.54	16.0558	13.3	14.6978	13.9	13.4872
66	1951.417	1951	22.34	19.5298	21.15	18.934	18.69	17.869	18.8	19.4114	17.77	17.8326	16.3	16.0793	14.15	14.7222		13.4929
67	1951.5	1951	21.26	19.5324	20.62	18.9417	18.26	17.8845	18.2	19.4178	16.68	17.8515	16.2	16.0986	14.72	14.7467	14	13.4986
68	1951.5833	1951	19.57	19.528	19.11	18.9392	17.5	17.8921	17.6	19.4208	15.7	17.8649	14.78	16.1078	14.1	14.7652		13.5
69	1951.667	1951	18.35	19.5229	17.61	18.9357	16.61	17.8943	17.44	19.4193	15.61	17.8763	13.65	16.1133	13.2	14.7789	12.48	13.5013
70	1951.75	1951	18.79	19.5258	19.08	18.9389	17.55	17.8995	18.39	19.4168	16.43	17.8872	14.48	16.1235	14.29	14.7933	13.67	13.502
71	1951.8333	1951	19.85	19.5247	18.46	18.9295	18.66	17.8987	19.73	19.412	17.37	17.8945	15.28	16.1314	14.84	14.8037	13.03	13.4989
72	1951.917	1951	19.1	19.5127	19.66	18.9253	18.8	17.8947	20.3	19.4065	19.12	17.903	16.03	16.1406	13.6	14.8113	12.75	13.4966
73	1952	1952	21.06	19.5129	21.11	18.9256	20.67	17.8986	23.2	19.4081	21.11	17.9138	17.91	16.1564	17.22	14.8295	14.42	13.4988
74	1952.0833	1952	22.9	19.5167	24.03	18.9328	22.37	17.9044	25	19.4095	22.5	17.9213	21.13	16.179	18.97	14.847	11.4	13.5028
75	1952.167	1952	21.59	19.5069	20.88	18.9171	20.45	17.8974	22.23	19.3977	20.31	17.9143	18.84	16.1879	17.29	14.8557	16.11	13.5176
76	1952.25	1952	19.92	19.5081	20.4	18.9192	18.46	17.8912	22.68	19.3918	20	17.923	18.33	16.1994	16.44	14.8631	14.1	13.5267
77	1952.3333	1952	20.18	19.5143	19.28	18.9178	17.01	17.8904	19	19.3778	19.07	17.9197	16.83	16.2038	14.88	14.866		13.5353
78	1952.417	1952	18.15	19.5091	18	18.9162	16.55	17.8975	18.07	19.3688	16.4	17.9083	16.55	16.2058	14.73	14.8698	13.3	13.544
79	1952.5	1952	16.96	19.508	16.49	18.9143	15.6	17.9032	17.8	19.3605		17.8991	15.3	16.2032	14.33	14.8724	12.94	13.5515
80	1952.5833	1952	16.02	19.5086	16.67	18.9182	15.6	17.9127	15.53	19.348	14.27	17.8899	13.08	16.1971	11.26	14.8699	11.1	13.5579
81	1952.667	1952	15.98	19.5122	15.88	18.9188	17.05	17.9239	17.9	19.3414	16.04	17.8932	14.63	16.2009	13.42	14.8778		13.5671
82	1952.75	1952	16.47	19.5177	16.35	18.9196	16.39	17.9216	16.84	19.3247	16.44	17.8869	14.8	16.2002	14.4	14.883	11.83	13.5763
83	1952.8333	1952	17.78	19.5219	16.88	18.9189	17.05	17.9182	17.97	19.3099	16.53	17.874	14.54	16.1947	13.55	14.8829	13.8	13.5881
84	1952.917	1952	19.68	19.5298	19.82	18.9269	20	17.9239		19.2991		17.8703	17.2	16.198	15.6	14.8886		13.5987
85	1953	1953	21.54	19.5334	21.03	18.928	19.72	17.9166		19.2884		17.8665		16.1983		14.8939	18.3	13.6093
86	1953.0833	1953	23.03	19.539	21.32	18.9293	19.95	17.915	18.88	19.2777	20.37	17.8627	18.83	16.1985	18.77	14.8992	14.7	13.6109
87	1953.167	1953	24.84	19.5521	23.68	18.9434	19.41	17.9204	21.2	19.285	22.2	17.8692	18.34	16.2022	17.05	14.8967		13.6137
88	1953.25	1953	24.18	19.5617	22.24	18.9485	20.71	17.9377	21.75	19.2958	19.09	17.8634	17.79	16.2096	15.27	14.8938	13.3	13.6165
89	1953.3333	1953	22.08	19.5537	20.87	18.9467	18.85	17.9422	19.82	19.2998	19.45	17.8591	17.71	16.2136	16.7	14.8939	16	13.6223
90	1953.417	1953	20.96	19.5522	20	18.9466	18.7	17.949	18.53	19.3013		17.8416	16.7	16.2067		14.8841		13.6207
91	1953.5	1953	19.56	19.5492	18.5	18.9434	16.86	17.9456	17.77	19.3016	15.54	17.824	13.96	16.194	12.86	14.8742	11.83	13.6192
92	1953.5833	1953	19.59	19.5535	18.62	18.9438	16.95	17.9457	17.6	19.3011	16.1	17.8134	15	16.1901	13.48	14.869	12.97	13.6212
93	1953.667	1953	18.75	19.549	17.35	18.9376	16.51	17.9404	18.02	19.2966	15.99	17.794	14.67	16.1796	13.76	14.8615	14.4	13.6205
94	1953.75	1953	18.83	19.5466	17.63	18.9313	16.58	17.9331	18.7	19.2876	15.71	17.7666	13.06	16.1637	13.12	14.8502	12.5	13.6129
95	1953.8333	1953	19.17	19.5379	18.15	18.9212	18.04	17.9253	20	19.2746	16.1	17.7404	14.43	16.1564	13.9	14.8407	12.97	13.6063
96	1953.917	1953	18.84	19.5244	18.72	18.909	19.13	17.9162	21.1	19.2595	19.12	17.7269	17.89	16.1575	16.26	14.8344	14.33	13.6014
97	1954	1954	19.19	19.5132	19.04	18.8999	18.68	17.9037	21.32	19.2443	20.14	17.708	17.79	16.1483	15.13	14.8222	15	13.5963
98	1954.0833	1954	23.05	19.5271	22.81	18.9082	21.86	17.9105	23.43	19.2395	20.73	17.6914	19.2	16.1453	16.96	14.8199	15.15	13.5929
99	1954.167	1954	22.29	19.5179	21.23	18.8944	22.03	17.9052	24.49	19.2295	20.8	17.6763	19.03	16.1406	16.15	14.8165	12.64	13.5874
100	1954.25	1954	17.46	19.4965	16.61	18.8751	16.41	17.8778	20.14	19.2059	19.37	17.6621	16.25	16.1304	15.77	14.8152	15	13.5893
101	1954.3333	1954	17.58	19.4989	17.59	18.8799	16.6	17.8738	18.45	19.1884	16.71	17.6373	14.2	16.1238	14.04	14.811	12.71	13.5868
102	1954.417	1954	16.67	19.5003	16.61	18.8828	15.12	17.872	17.4	19.1746	16.69	17.6276	15.36	16.1276	14.64	14.8103	13.3	13.588
103	1954.5	1954	16.07	19.5032	15.86	18.886	14.85	17.8753	16.27	19.1613	15.58	17.6098	14.27	16.1302	13.54	14.8078	12.35	13.5878
104	1954.5833	1954	15.49	19.5066	15.67	18.8894	14.71	17.8798	15.98	19.1496	15.3	17.5918	15	16.1342	13.87	14.8058	12.83	13.589
105	1954.667	1954	15.21	19.5085	14.73	18.8899	14.51	17.8825	15.14	19.1353	13.79	17.5672	12.82	16.1287	12.37	14.7984	11.1	13.587
106	1954.75	1954	15.28	19.5116	14.69	18.8927	15.1	17.8874	16.58	19.1261	14.63	17.5537	13.73	16.1325	12.4	14.7939	12.8	13.589
107	1954.8333	1954	17.23	19.5198	18.35	18.9074	17.44	17.8946	19.45	19.117	16.47	17.5468	16.47	16.1399	13.6	14.7936		13.5902
108	1954.917	1954	18.41	19.5246	18.81	18.9063	18.67	17.8985	20.12	19.0993	17.77	17.5422	16.79	16.1408	15.56	14.7974	16.27	13.5914
109	1955	1955	21.95	19.5371	20.87	18.9053	21.06	17.8997	22.04	19.0769	21.54	17.5473	20.33	16.1451	19.4	14.8016		13.5866
110	1955.0833	1955	19.29	19.517	18.31	18.8879	17.36	17.8826	14.2	19.0426		17.5339	19.43	16.1373	16.12	14.7924		13.5818
111	1955.167	1955	21.11	19.5286	19.12	18.8898	18.59	17.8916	18.5	19.0476	19.83	17.5206	19.1	16.1283	16.93	14.7895	16.7	13.5769
112	1955.25	1955	19.45	19.5338	17.42	18.895	17.95	17.9054	18.18	19.0595	17	17.5114	16.11	16.1139	14.38	14.7833	13.53	13.5657
113	1955.3333	1955	16.68	19.5262	16.62	18.9032	17.86	17.9202	15.62	19.0734	14.93	17.5101	12.32	16.1025	10.92	14.7796	12.6	13.5561
114	1955.417	1955	17.18	19.5422	16.12	18.9181	15.6	17.9269	17.9	19.0995		17.5328	15.83	16.1148	15.6	14.7948	13.7	13.5505
115	1955.5	1955	18.15	19.5613	17.05	18.9397	15.29	17.9382	16.06	19.1154	13.87	17.5555	13.62	16.118	12.7	14.7993	12.5	13.5418
116	1955.5833	1955	16.49	19.5642	16.8	18.9527	14.43	17.9487	16.1	19.1313	14.85	17.5907	12.95	16.1243	11.65	14.8072	10.93	13.5334
117	1955.667	1955	16.45	19.5719	15.56	18.9585	14.77	17.962	15.24	19.1428	13.75	17.6198	12.92	16.1349	12.04	14.8206	11.4	13.5281
118	1955.75	1955	16.38	19.5784	16.02	18.9659	14.1	17.9735	16.68	19.1595	14.86	17.6604	13.89	16.1508	13.68	14.8384	12.07	13.5246
119	1955.8333	1955	17.68	19.5868	16.49	18.9706	19.03	17.9997	20.34	19.1783	18.9	17.7103	16.5	16.167	16.95	14.8557		13.522
120	1955.917	1955	19.15	19.5963	18.81	18.9823	17.01	18.0026	20.31	19.187	19.07	17.7399	15.85	16.1746		14.8612	10.6	13.5194
121	1956	1956	21.11	19.6047	20	18.9894	20.56	18.022	21.63	19.1977	21.47	17.7716	19.57	16.1909	17.88	14.8667	16.59	13.5294
122	1956.0833	1956	21.32	19.6057	19.79	18.9945	18.88	18.0317	24.22	19.213	21.52	17.7942	18.45	16.1984	16.7	14.8682		13.534
123	1956.167	1956	21.81	19.615	21.28	19.0121	21.1	18.0599	21.4	19.2137	20.12	17.8118	18.51	16.2108	16.4	14.8721	15.1	13.5387
124	1956.25	1956	20.79	19.6289	20.4	19.0282	20.08	18.0788	18.6	19.2179	17.97	17.8406	17.6	16.2236	15.38	14.8774	13.33	13.542
125	1956.3333	1956	20.61	19.6411	17.85	19.0347	16.91	18.0871	18.51	19.2341	21.12	17.8834	14.08	16.2301	14.12	14.8823	12.4	13.5467
126	1956.417	1956	19.6	19.6504	19.22	19.0588	17.37	18.1097	17.2	19.2508	15.2	17.8881	15.57	16.2502	13.8	14.8896	11.3	13.5551
127	1956.5	1956	19.59	19.6636	17.89	19.0711	16.05	18.1255	16.95	19.2686	16.19	17.9109	15.47	16.269	14.54	14.9001	13.64	13.5688
128	1956.5833	1956	17.86	19.6663	16.91	19.0803	15.73	18.1429	16.26	19.2839	14.37	17.9277	13.25	16.2805	12.72	14.9051		13.5787
129	1956.667	1956	17.38	19.6716	16.2	19.0904	15.11	18.1579	15.35	19.2964		17.9545	14.4	16.2996	12.97	14.9123	12.2	13.5886
130	1956.75	1956	17.09	19.677	16.13	19.102	16.26	18.1779	16.81	19.3145	15.34	17.9813	13.83	16.3162	13.06	14.9199	12.67	13.5985
131	1956.8333	1956	18.61	19.6865	19.58	19.1236	18.41	18.1953	20.05	19.3343	18.08	18.0149	17.39	16.3388	16.82	14.9316	12.8	13.6081
132	1956.917	1956	19.24	19.6899	20.27	19.1292	18.34	18.2031	20.13	19.3457	19.07	18.0402	17.52	16.3505	17.12	14.9328	14.66	13.6199
133	1957	1957	19.5	19.6909	18.75	19.1267	17.71	18.2118	21.7	19.3591		18.0664	18.97	16.3613	16.4	14.9276	15.55	13.6308
134	1957.0833	1957	25.53	19.7294	22.37	19.1545	20.63	18.2472	20.15	19.3742	20.25	18.0926	19.78	16.3742	16.98	14.9272	14.56	13.6411
135	1957.167	1957	25.66	19.7397	25.11	19.186	22.69	18.2871	22.35	19.4032	22.15	18.134	19.74	16.3857	17.44	14.9279	13.69	13.6523
136	1957.25	1957	24.09	19.7495	23.59	19.2044	21.54	18.3145	22.22	19.4321	21.1	18.1683	18.05	16.3941		14.9256		13.6673
137	1957.3333	1957	25.28	19.7674	23.46	19.2192	20.98	18.3368	21.5	19.4548	19.68	18.1865	17.22	16.4012	15.71	14.9233	15.03	13.6823
138	1957.417	1957	23.65	19.7691	22.03	19.2268	19.1	18.3513	17.65	19.466	17.78	18.1975	16.7	16.4036	14.44	14.9165	14.4	13.6938
139	1957.5	1957	22.45	19.7681	21.4	19.2319	20	18.3673		19.4831	17.2	18.2027	16.04	16.4034	15.04	14.9112	13.88	13.7017
140	1957.5833	1957	19.03	19.7536	18.72	19.2251	16.69	18.3627	16.17	19.5003	15.61	18.2006	14.99	16.3983	12.64	14.8988	12.68	13.7068
141	1957.667	1957	19.04	19.755	18.45	19.2277	16.11	18.3641	18.7	19.5235	15.77	18.2023	14.82	16.3916	12.8	14.8893	12.8	13.7107
142	1957.75	1957	18.79	19.7538	19.03	19.2302	17.16	18.3716	19.05	19.5379	16.58	18.2044	14.75	16.3826	13.32	14.8807	12.68	13.7133
143	1957.8333	1957	19.06	19.7493	18.86	19.2254	17.86	18.3755	20.17	19.5478	17.86	18.2037	15.54	16.3726	14.09	14.8721	12.41	13.7159
144	1957.917	1957	20.6	19.7524	20.77	19.2297	19.58	18.3864	22.33	19.5576	20	18.2038	17.67	16.3667	15.66	14.8658	17.08	13.7234
145	1958	1958	23.46	19.7608	23.42	19.2384	21.8	18.3995	22.2	19.5626	20.6	18.197	18.3	16.3555	15.71	14.8577	16.06	13.7223
146	1958.0833	1958	24.74	19.7616	24.48	19.2394	23.1	18.4104	24.21	19.5751	22.02	18.1966	18.25	16.3485	16.6	14.8559	14.28	13.7198
147	1958.167	1958	25.36	19.7631	22.87	19.2297	21.44	18.4109	22.73	19.5811	21.84	18.191	20.24	16.3494	18.4	14.8565	15.67	13.7203
148	1958.25	1958	22.55	19.7552	21.06	19.2276	20.53	18.4157	21.87	19.5907	19.47	18.1811	17.18	16.3384	15.09	14.8475	13.76	13.7181
149	1958.3333	1958	21.5	19.7507	21.18	19.2309	19.47	18.4192	20.87	19.6006	18.85	18.1712	15.79	16.3283	14.15	14.841	13.85	13.7173
150	1958.417	1958	20.85	19.7508	19.27	19.2272	17.67	18.4205	19.28	19.6067	16.22	18.1558	14.6	16.3192	13.65	14.8366	13.16	13.7164
151	1958.5	1958	19.7	19.7462	18.4	19.2253	17.88	18.4256	18.63	19.6107	16.21	18.1469	15.12	16.318	13.58	14.8351	14.01	13.7159
152	1958.5833	1958	17.78	19.7368	17.1	19.221	16.08	18.4225	17.35	19.611	15.67	18.1371	14.25	16.3132	13.33	14.8334	13.3	13.7118
153	1958.667	1958	17.93	19.736	17.05	19.2224	16.55	18.4244	17.61	19.6105	15.81	18.1263	14.43	16.3085	13.14	14.8297	12.51	13.7044
154	1958.75	1958	18.12	19.7341	17.59	19.2232	16.65	18.4231	18.24	19.6088	16.31	18.1127	14.73	16.3017	13.31	14.8253	12.48	13.6966
155	1958.8333	1958	19.08	19.7303	18.83	19.2219	18.21	18.4232	20.04	19.606	17.68	18.0963	15.74	16.292	14.26	14.8211	13.03	13.6894
156	1958.917	1958	20.67	19.7279	20.63	19.2205	20.06	18.425	20.87	19.6009	17.88	18.0762	16.85	16.2824	15.3	14.818	12.75	13.6832
157	1959	1959	20.28	19.7121	21.03	19.2136	20.06	18.42	22.39	19.598	19.72	18.0689	17.57	16.2723	15.86	14.8152	13.91	13.6822
158	1959.0833	1959	23.3	19.719	22.75	19.2154	22.14	18.4283	22.87	19.5969	21.16	18.0703	18.77	16.27	17.12	14.8175	14.7	13.6854
159	1959.167	1959	24.07	19.7202	23.64	19.2168	22.61	18.4333	21.98	19.595	21.52	18.0708	18.44	16.2678	16.36	14.8181	15.41	13.6892
160	1959.25	1959	21.9	19.7147	20.85	19.2092	19.8	18.4265	21.84	19.5975	18.99	18.0648	17.08	16.2668	16.17	14.8207	14.94	13.6913
161	1959.3333	1959	21.75	19.7132	20.61	19.2062	19.68	18.4267	19.59	19.5957	17.84	18.0604	16.51	16.2659	14.03	14.8187	12.49	13.6901
162	1959.417	1959	19.64	19.7015	18.41	19.1968	18.01	18.4207	17.78	19.5936	16.37	18.0588	14.97	16.2597	14.01	14.8201	12.01	13.6932
163	1959.5	1959	17.77	19.6899	17	19.1908	16.39	18.4112	17.36	19.5941	15.82	18.0581	14.34	16.2574	13.88	14.8227	12.69	13.6995
164	1959.5833	1959	17.02	19.6859	17.09	19.1915	15.58	18.4057	16.75	19.5938	15.14	18.0582	14.12	16.257	12.77	14.8231	11.81	13.7054
165	1959.667	1959	16.99	19.6837	16.56	19.1911	15.75	18.4046	16.72	19.5915	15.43	18.0614	13.75	16.256	12.28	14.8242	11.64	13.712
166	1959.75	1959	17.57	19.683	17.6	19.193	17.11	18.4061	17.37	19.5894	16.32	18.0646	14.35	16.2567	13.96	14.8293	10.6	13.72
167	1959.8333	1959	18.47	19.6779	19.05	19.1904	18.11	18.4021	19.02	19.5881	17.84	18.0652	16.16	16.2569	15.04	14.8312	14.44	13.7351
168	1959.917	1959	19.43	19.672	19.64	19.1825	19.85	18.4012	20.47	19.5881	19	18.0629	15.78	16.253	14.5	14.8305	14.66	13.7467
169	1960	1960	21.52	19.6705	21.64	19.1798	22.14	18.3985	22.71	19.5911	20.99	18.0643	19.86	16.2601	19.21	14.8381	16.14	13.7587
170	1960.0833	1960	23.01	19.6672	22.21	19.1743	20.55	18.3848	22.7	19.5929	21.87	18.0643	19.05	16.2579	17.93	14.834	16.57	13.769
171	1960.167	1960	22.44	19.6579	22.42	19.1702	21.26	18.3838	23.4	19.5962	21.33	18.0591	19.5	16.2578	18.5	14.8281	16.3	13.7752
172	1960.25	1960	20.3	19.6505	20.77	19.1652	20.38	18.3809	20.96	19.595	19.53	18.053	17.77	16.2528	15.2	14.8135	14.58	13.7779
173	1960.3333	1960	19.32	19.6448	19.17	19.157	18.73	18.3726	20.94	19.5978	18.05	18.044	15.75	16.2437	13.74	14.8009	15.6	13.7803
174	1960.417	1960	18.67	19.6435	18.44	19.1551	17.04	18.3644	18.28	19.5924	16.3	18.0358	14.58	16.2363	13.52	14.7928	13.72	13.7775
175	1960.5	1960	17.82	19.6408	17.55	19.1531	16.75	18.3606	17.32	19.5879	15.8	18.0304	14.62	16.2353	13.9	14.7879	13.42	13.7738
176	1960.5833	1960	17.26	19.6398	17.24	19.1514	16.31	18.3557	16.26	19.5837	15.18	18.0257	13.68	16.2325	12.64	14.7799	11.93	13.7684
177	1960.667	1960	17.27	19.6386	16.55	19.1476	15.79	18.348	16.54	19.5813	15.02	18.0228	13.39	16.232	12.84	14.7733	12.13	13.7642
178	1960.75	1960	17.3	19.6355	16.64	19.1443	16.46	18.3422	17.86	19.5807	16.43	18.0245	14.42	16.2347	12.43	14.7659	13.08	13.7606
179	1960.8333	1960	18.62	19.6344	18.95	19.1463	17.97	18.3373	19.13	19.5785	17.22	18.0209	15.06	16.2352	13.15	14.7621	12.6	13.7556
180	1960.917	1960	20.67	19.6365	20.69	19.1442	19.76	18.3353	21.67	19.5782	20.37	18.0236	17.7	16.2414	16.12	14.765	15.68	13.7545
181	1961	1961	22.64	19.6341	21.96	19.136	22.31	18.3324	21.72	19.5736	20.87	18.0128	18.92	16.2414	17.3	14.764	14.94	13.7495
182	1961.0833	1961	22.26	19.6184	21.4	19.1206	21.69	18.318	23.36	19.5761	21.43	18.0031	19.14	16.2404	16.86	14.7603	14.73	13.7458
183	1961.167	1961	21.35	19.6063	21.03	19.11	20.51	18.3034	23.74	19.5764	21.2	17.9933	18.53	16.2393	15.31	14.7563	13.45	13.7429
184	1961.25	1961	19.74	19.6036	18.83	19.1034	19.05	18.2922	22.16	19.571	19.59	17.9823	17.45	16.2402	15.32	14.7588	12.56	13.7441
185	1961.3333	1961	20.35	19.6092	19.66	19.1077	18.52	18.2857	19.61	19.5607	17.82	17.9671	16.3	16.2396	13.83	14.7602	13.21	13.7497
186	1961.417	1961	19.12	19.6053	17.98	19.1038	16.63	18.275	17.61	19.5499	16.34	17.9544	15.66	16.2373	15.18	14.7662	12.72	13.7566
187	1961.5	1961	17.79	19.5996	16.76	19.1003	15.89	18.268	15.92	19.5416	15.47	17.9432	14.33	16.2343	13.5	14.7668	12.11	13.7645
188	1961.5833	1961	17.62	19.6006	16.96	19.1014	15.9	18.2642	16.27	19.5401	15.74	17.937	15.02	16.2348	14.44	14.769	12.9	13.7748
189	1961.667	1961	16.92	19.5954	15.99	19.0979	15.38	18.2572	16.39	19.5374	15.41	17.9258	13.47	16.2284	12.89	14.7635	12.84	13.7828
190	1961.75	1961	17.17	19.5933	16.45	19.0973	16.54	18.2533	17.5	19.5352	16.24	17.9143	14.39	16.2266	13.24	14.7594	13.34	13.7895
191	1961.8333	1961	18.39	19.591	18.94	19.0992	18.15	18.2465	19.07	19.531	17.08	17.8981	15.93	16.2241	15.16	14.7563	13.07	13.7943
192	1961.917	1961	19.03	19.5844	19.07	19.0894	18.73	18.2355	19.43	19.5253	18.45	17.884	16.8	16.2191	14.46	14.7485	13.84	13.801
193	1962	1962	21.44	19.5849	20.68	19.0832	20.45	18.2267	22.3	19.5275	19.96	17.874	17.97	16.2139	15.7	14.7461	13.6	13.8099
194	1962.0833	1962	21.3	19.572	20.66	19.0732	20.3	18.2163	22.68	19.5279	20.47	17.8675	18.17	16.2122	17.34	14.7486	16.51	13.8249
195	1962.167	1962	20.22	19.5609	20.17	19.0662	19.9	18.2112	21.56	19.5264	19.91	17.8648	18.46	16.2151	15.5	14.7467	16.4	13.8354
196	1962.25	1962	19.42	19.5642	18.86	19.0654	19.37	18.2088	20.77	19.5294	19.51	17.871	16.42	16.2165	13.93	14.7494	13.27	13.8414
197	1962.3333	1962	18.7	19.5643	17.73	19.066	17.43	18.2022	19.65	19.5333	17.69	17.87	16.01	16.2224	15.4	14.7593	14.38	13.8512
198	1962.417	1962	18.91	19.5711	18.52	19.0772	16.84	18.2014	17.82	19.5345	16.44	17.8708	15.2	16.2264	13.86	14.7637	12.55	13.859
199	1962.5	1962	17.28	19.5668	16.89	19.0779	16.3	18.2005	17.43	19.5374	15.93	17.8721	14.36	16.2318	13.47	14.77	12.66	13.8693
200	1962.5833	1962	17.4	19.5721	16.87	19.0823	15.78	18.1978	16.65	19.5382	15.8	17.8721	14.7	16.2389	12.77	14.7757	12.34	13.8802
201	1962.667	1962	16.96	19.5711	16.82	19.0859	15.37	18.1935	16.25	19.5373	14.74	17.8655	13.68	16.2414	12.56	14.782	12.11	13.8909
202	1962.75	1962	16.96	19.5696	16.88	19.0846	16.22	18.1914	17.49	19.5397	15.47	17.8653	14.34	16.2469	13.11	14.7901	12.97	13.9027
203	1962.8333	1962	17.63	19.5669	17.62	19.0802	17.65	18.1889	19	19.5424	17.72	17.8689	16.03	16.2528	15.28	14.8002	14.21	13.9146
204	1962.917	1962	19.56	19.5699	19	19.078	19.2	18.1883	21.38	19.5476	18.6	17.8665	17.36	16.2571	17.19	14.8071	16.34	13.9256
205	1963	1963	20.16	19.5636	19.92	19.076	20.86	18.1876	21.98	19.5518	20.31	17.869	18.39	16.2597	16.81	14.8068	15.8	13.932
206	1963.0833	1963	22.48	19.5696	22.27	19.0828	22.74	18.1895	25.07	19.5635	21.35	17.8754	20.3	16.267	17.92	14.8086	15.09	13.9377
207	1963.167	1963	22.75	19.5704	21.47	19.0804	20.84	18.1791	24.88	19.5653	22.67	17.8823	19.25	16.2661	16.84	14.806	16.23	13.9452
208	1963.25	1963	20.11	19.5653	19.24	19.0806	19.25	18.1705	22.78	19.5576	19.12	17.8683	17.08	16.2624	14.86	14.8023	16.36	13.9497
209	1963.3333	1963	21.03	19.5756	20.96	19.0955	18.75	18.1675	20.09	19.5446	17.56	17.8572	16.64	16.262	14.78	14.8021	13.81	13.9478
210	1963.417	1963	19.04	19.5709	19.14	19.0975	17.07	18.161	17	19.5304	15.51	17.8486	15.08	16.2574	13.03	14.8002	14.07	13.9476
211	1963.5	1963	19.13	19.5768	18.59	19.1004	16.7	18.1581	17.53	19.5262	15.93	17.8512	14.78	16.2574	13.62	14.8048	13.2	13.9454
212	1963.5833	1963	18.23	19.577	17.5	19.0995	16.37	18.1539	16.71	19.5204	15.47	17.851	14.54	16.257	13.88	14.8085	12.6	13.9427
213	1963.667	1963	18.16	19.5773	17.8	19.1023	16.19	18.1465	17.31	19.5135	16.2	17.8501	14.73	16.2547	14.16	14.8084	12.93	13.9398
214	1963.75	1963	17.06	19.5688	17.12	19.0966	16.19	18.1354	16.74	19.5028	15.66	17.8388	13.81	16.2471	13.65	14.8029	13.07	13.9356
215	1963.8333	1963	18.04	19.5665	18.18	19.0926	17.29	18.1255	19.41	19.4972	17.4	17.8311	16.18	16.2448	14.07	14.7968	15.7	13.9319
216	1963.917	1963	18.65	19.5621	19.66	19.0907	18.91	18.1201	20.26	19.4888	19.04	17.8223	16.58	16.2378	14.92	14.7927	14.53	13.9221
217	1964	1964	21.48	19.5688	21.19	19.0889	20.6	18.1147	22.12	19.4839	19.88	17.811	18.09	16.2333	17.12	14.7926	15.8	13.9142
218	1964.0833	1964	22.73	19.5669	22.08	19.0854	21.93	18.1092	23.21	19.4795	20.81	17.8056	18.76	16.2316	17.61	14.7905	17.6	13.9058
219	1964.167	1964	20.22	19.5497	20.62	19.0767	19.66	18.0934	21.73	19.4698	19.68	17.7995	18.15	16.2298	16.04	14.7844	13.99	13.8898
220	1964.25	1964	19.97	19.5563	20.11	19.0795	18.47	18.0829	20.85	19.4627	18.81	17.8023	16.29	16.2286	14.57	14.7808	14.59	13.8781
221	1964.3333	1964	17.32	19.5462	18.98	19.0783	16.95	18.0746	16.94	19.4531	17.23	17.8041	15.62	16.2325	14.87	14.7817	13.04	13.865
222	1964.417	1964	17.38	19.5537	17.52	19.0773	15.89	18.07	17.55	19.4555	15.64	17.8079	15.1	16.2367	13.82	14.7804	12.67	13.8544
223	1964.5	1964	17.01	19.5591	16.79	19.079	15.08	18.068	16.56	19.4574	15.2	17.818	13.93	16.2416	12.53	14.7801	12.03	13.8454
224	1964.5833	1964	15.55	19.5582	16.26	19.0804	14.72	18.0687	15.58	19.4598	14.84	17.8309	13.91	16.2502	12.29	14.7836	11.81	13.8387
225	1964.667	1964	15.97	19.5654	15.47	19.0808	15.44	18.0724	17.38	19.466	15.48	17.8471	13.95	16.2598	12.61	14.7895	12.38	13.8334
226	1964.75	1964	16.02	19.5691	15.89	19.0843	15.36	18.071	17.16	19.4668	15.73	17.8602	14.82	16.2702	14.34	14.7974	12.29	13.8276
227	1964.8333	1964	17.73	19.5772	18.03	19.0911	18.03	18.0753	20.06	19.4707	17.77	17.8764	15.8	16.2784	14.78	14.8007	14.24	13.8239
228	1964.917	1964	19.45	19.5838	19.37	19.0945	18.41	18.0719	21.01	19.4697	20.3	17.8915	18.73	16.2899	17.59	14.8043	15.43	13.8186
229	1965	1965	20.82	19.5866	21.52	19.1	19.99	18.072	22.98	19.4705	22.27	17.897	20.33	16.2918	17.11	14.7985	14.51	13.8107
230	1965.0833	1965	23.15	19.5977	21.7	19.1017	20.88	18.0771	23.13	19.47	21.38	17.8881	19.16	16.285	14.67	14.7909	14.65	13.8056
231	1965.167	1965	24.26	19.6096	23.23	19.1152	21.59	18.0886	23.53	19.4704	21.15	17.8828	18.77	16.2824	16.77	14.796	15.84	13.8028
232	1965.25	1965	24.61	19.6272	23.77	19.13	21.35	18.0955	21.54	19.4676	19.85	17.877	19.09	16.2829	17.48	14.8001	15.2	13.7973
233	1965.3333	1965	24.62	19.6357	21.73	19.1284	19.38	18.0935	20.23	19.4668	17.95	17.868	16.34	16.2729	14.57	14.7941	13.73	13.7887
234	1965.417	1965	22.63	19.6303	21.65	19.1312	19.5	18.094	20.45	19.4656	18.75	17.8641	16.79	16.2657	15.74	14.7917	14.54	13.7813
235	1965.5	1965	21.27	19.6258	18.97	19.121	17.24	18.0826	18.31	19.4547	16.74	17.8398	15.53	16.2525	13.98	14.7823	13.14	13.7699
236	1965.5833	1965	19.64	19.6186	19	19.1181	17.3	18.0747	17.52	19.4415	16.04	17.8108	14.51	16.2358	13.97	14.7721	12.97	13.7579
237	1965.667	1965	18.35	19.6101	17.5	19.1086	16.04	18.0596	16.71	19.4249	15.22	17.7771	14.05	16.219	13.2	14.7574	12.12	13.7437
238	1965.75	1965	18.17	19.6056	17.22	19.1006	16.84	18.0476	17.7	19.4113	15.96	17.7476	15.08	16.2046	13.16	14.7423	12.41	13.7301
239	1965.8333	1965	19.22	19.6039	18.76	19.0979	17.14	18.0327	18.2	19.3979	18.11	17.7184	16.27	16.1859	15.11	14.7294	13.13	13.7177
240	1965.917	1965	21.29	19.6059	21.44	19.0985	20.01	18.0274	23.4	19.3926	19.26	17.6805	16.75	16.163	15.92	14.7126	15.34	13.707
241	1966	1966	21.95	19.5969	21.58	19.0865	20.42	18.0106	21.51	19.3706	20.23	17.6389	17.98	16.1411	16.34	14.6945	14.5	13.6933
242	1966.0833	1966	23.05	19.592	22.32	19.0775	20.54	17.9947	22.77	19.3547	20.61	17.5992	18.14	16.1223	16.18	14.6776	13.81	13.6815
243	1966.167	1966	23.18	19.5874	21.71	19.0684	19.4	17.9814	20.45	19.3361	19.48	17.5604	17.39	16.1071	14.54	14.6622	13.07	13.6736
244	1966.25	1966	20.39	19.5765	20.91	19.0652	18.11	17.9727	20.72	19.3283	18.25	17.5295	16.93	16.0973	16.01	14.6568	14.48	13.6712
245	1966.3333	1966	19.2	19.5705	19.33	19.0569	18.35	17.9729	18.79	19.3191	17.04	17.5025	15.82	16.087	15.22	14.6469	15.26	13.6673
246	1966.417	1966	18.36	19.5685	18.35	19.0525	17.26	17.9661	17.58	19.3098	15.8	17.4765	14.92	16.0749	13.55	14.6335	12.18	13.6578
247	1966.5	1966	17.69	19.5675	17.67	19.0476	15.64	17.9542	16.9	19.3012	15.46	17.4534	14.17	16.0647	13.52	14.6234	12.41	13.652
248	1966.5833	1966	17.01	19.5665	15.72	19.0369	14.56	17.944	15.46	19.2902	14.63	17.4266	13.35	16.0547	12.65	14.6115	11.54	13.6464
249	1966.667	1966	16.83	19.5661	16.33	19.0372	15.25	17.9416	15.95	19.2822	14.39	17.4009	13.82	16.048	13	14.6004	12.39	13.6429
250	1966.75	1966	17.65	19.5682	16.48	19.0336	16.03	17.9384	16.84	19.2756	15.28	17.3794	14.17	16.0402	13.4	14.5881	12.89	13.6384
251	1966.8333	1966	18.34	19.5639	18.12	19.0304	18.3	17.9362	19.12	19.2705	16.94	17.3567	15.25	16.0312	13.36	14.5745	12.57	13.6331
252	1966.917	1966	19.2	19.5576	19.65	19.0239	19.09	17.9271	20.52	19.2623	17.3	17.329	16.52	16.0228	16.01	14.5656	15.18	13.6313
253	1967	1967	19.68	19.5477	19.43	19.0096	20.31	17.9166	21	19.2543	19.22	17.3126	17.69	16.0148	15.52	14.5527	15.57	13.6272
254	1967.0833	1967	21.39	19.5488	21.26	19.0068	21.67	17.9088	23.46	19.254	20.66	17.3034	18.3	16.0115	17.04	14.5454		13.6216
255	1967.167	1967	22.98	19.5561	20.38	18.9992	19.19	17.8923	23.46	19.2469	20.48	17.2917	18.62	16.0117	16.07	14.5351	13.56	13.616
256	1967.25	1967	20.59	19.5499	19.39	18.9986	18.71	17.8849	18.95	19.231	18.79	17.2743	17.63	16.0089	15.25	14.5267	13.9	13.6146
257	1967.3333	1967	18.52	19.5403	19.07	18.9989	17.31	17.8779	19.22	19.2276	16.4	17.2539	16.1	16.0027	15.79	14.5193	14.32	13.6135
258	1967.417	1967	17.66	19.5396	17.26	18.9948	16.56	17.8727	18.41	19.2214	15.43	17.2401	15.84	15.995	14.7	14.5055	15.02	13.6105
259	1967.5	1967	17.4	19.543	16.68	18.9941	15.43	17.8658	16.21	19.2103	14.64	17.2299	13.83	15.9824	12.72	14.4884	12.03	13.6013
260	1967.5833	1967	16.45	19.5422	16.05	18.9925	14.67	17.8595	15.33	19.201	14.01	17.2218	12.93	15.9729	12.35	14.4738	11.6	13.5943
261	1967.667	1967	15.97	19.5413	15.43	18.9899	14.82	17.8561	15.95	19.1939	15.11	17.2194	13.08	15.9686	12.51	14.4601	11.05	13.5886
262	1967.75	1967	15.9	19.5398	15.26	18.9859	15.49	17.8523	15.93	19.1858	14.92	17.2086	14.03	15.9675	12.98	14.4467	12.86	13.5861
263	1967.8333	1967	16.76	19.5392	16.84	18.9849	16.92	17.8482	17.57	19.1823	15.33	17.1972	14.77	15.9644	13.1	14.4327	13.14	13.5825
264	1967.917	1967	17.76	19.5385	17.34	18.9816	18.02	17.8439	19.14	19.1827	17.17	17.1968	16.28	15.9645	14.58	14.4226	14.13	13.5801
265	1968	1968	20.01	19.544	20.12	18.99	19.67	17.8405	23.47	19.1904	19.5	17.2054	18.63	15.9667	15.6	14.4146	15.2	13.5786
266	1968.0833	1968	21.8	19.5495	22.22	18.9997	20.28	17.8382	21.58	19.1864	20.19	17.2148	18.5	15.9655	14.44	14.4079	13.18	13.5757
267	1968.167	1968	21.76	19.5491	22.83	19.0013	19.48	17.8368	23.49	19.1874	20.62	17.2261	18.15	15.9653	15.36	14.4099	15.14	13.5792
268	1968.25	1968	18.61	19.5409	18.33	18.985	18.95	17.8368	20.17	19.177	17.8	17.2252	15.8	15.9633	13.62	14.4131	12.73	13.5804
269	1968.3333	1968	16.71	19.5374	17.5	18.9821	16.27	17.8312	15.22	19.1669	14.48	17.2289	15.63	15.9703	13.33	14.4222	11.86	13.585
270	1968.417	1968	17.52	19.5531	16.1	18.9853	16.37	17.8361	17.81	19.1788	16.15	17.2608	15.37	15.9767	13.58	14.435	12.85	13.5949
271	1968.5	1968	17.56	19.5651	16.6	18.9984	14.68	17.8381	16.68	19.1874	15.19	17.2863	14.16	15.9816	12.94	14.4479	12.07	13.6051
272	1968.5833	1968	17.28	19.5744	16.85	19.0106	15.78	17.8498	16.81	19.1953	15.58	17.3114	14.66	15.9889	12.76	14.4611	15.6	13.6179
273	1968.667	1968	17.46	19.5835	16.88	19.0191	15.65	17.8555	16.92	19.1986	15.31	17.328	14.09	15.9903	13	14.4732	12.57	13.6193
274	1968.75	1968	17.81	19.589	16.93	19.021	16.4	17.8579	17.44	19.1993	15.58	17.3413	14.18	15.9911	13.07	14.4839	14.67	13.6212
275	1968.8333	1968	17.78	19.5874	17.22	19.0197	17.18	17.8566	18.19	19.2	16.86	17.3542	15.62	15.993	14.82	14.4958	15.15	13.6175
276	1968.917	1968	19.81	19.5965	19.63	19.0284	18.52	17.8588	21.34	19.207	19.33	17.3694	16.8	15.9952	15.42	14.5044		13.6093
277	1969	1969	22.23	19.6057	22.16	19.0375	21.09	17.8632	23.45	19.2122	20.82	17.3778	19.96	16	17.57	14.5141	13.84	13.6011
278	1969.0833	1969	22.52	19.6056	22.25	19.0388	20.79	17.8594	23.62	19.213	21.18	17.3809	19.83	15.9953	15.55	14.5177	16.06	13.5973
279	1969.167	1969	24.36	19.6205	22.77	19.0451	19.08	17.8565	23.42	19.2107	19.54	17.38	17.77	15.9852	16.76	14.528	14.77	13.5903
280	1969.25	1969	23.83	19.6331	22.07	19.0537	18.96	17.8643	21.86	19.205	19.02	17.3872	17.82	15.9816	16.87	14.5372	14.88	13.5838
281	1969.3333	1969	23.26	19.6387	21.8	19.0589	18.6	17.8744	19.18	19.1961	17.38	17.391	15.82	15.9735	14.99	14.5387	13.29	13.5743
282	1969.417	1969	21.85	19.637	19.74	19.0549	18.02	17.8798	18.21	19.189	15.64	17.3923	15.93	15.9666	14.21	14.539	13.78	13.5663
283	1969.5	1969	18.96	19.6249	17.91	19.0484	16.05	17.8769	16.27	19.1816	14.71	17.3988	13.6	15.9542	12.84	14.5383		13.5558
284	1969.5833	1969	18.17	19.6247	17.18	19.0464	15.81	17.8783	16.5	19.1793	14.76	17.4103	13.48	15.9481	12	14.539	10.6	13.5453
285	1969.667	1969	17.55	19.6247	16.7	19.0465	15.73	17.8797	17.17	19.1763	15.51	17.4227	14.42	15.9446	12.84	14.5428	12.76	13.5399
286	1969.75	1969	18.35	19.6291	17.3	19.0466	16.84	17.8803	17.83	19.1702	15.23	17.4278	13.82	15.9357	13.02	14.5454	12.52	13.5315
287	1969.8333	1969	18.56	19.625	17.91	19.0415	17.03	17.874	19.71	19.1627	17.32	17.438	15.5	15.9298	13.79	14.5487	12.34	13.5231
288	1969.917	1969	19.65	19.6237	18.79	19.0368	19.13	17.8741	21.12	19.1506	20.07	17.4455	17.49	15.9235	16.06	14.5545	13.43	13.5183
289	1970	1970	21.52	19.6248	20.9	19.0365	19.22	17.8667	21.3	19.1354	20.01	17.4373	18.1	15.9109	16.88	14.5571	15.8	13.5164
290	1970.0833	1970	21.97	19.6206	19.87	19.0298	20.76	17.8711	20.79	19.1254	20.5	17.4341	17.85	15.9003	16	14.558	13.9	13.5109
291	1970.167	1970	22.58	19.6224	22.55	19.0429	20.71	17.8767	23.11	19.1255	20.33	17.4358	18.97	15.8974	18.8	14.5646		13.5094
292	1970.25	1970	19.7	19.615	21.07	19.0438	19.78	17.8772	20.79	19.1174	19.27	17.4356	16.83	15.886	15.97	14.5592	13.62	13.5079
293	1970.3333	1970	18.39	19.6121	18.3	19.0326	17.84	17.8712	19.18	19.1082	17.96	17.4316	15.45	15.8757	15.26	14.5526	13.56	13.5071
294	1970.417	1970	16.69	19.609	16.53	19.0276	15.46	17.8626	16.38	19.0954	15.27	17.4193	13.87	15.8652	13.4	14.5424	12.26	13.5059
295	1970.5	1970	16.07	19.6133	15.2	19.0278	14.77	17.8633	15.67	19.09	14.96	17.4182	14.09	15.8631	12.54	14.5354	14	13.5077
296	1970.5833	1970	16.46	19.6242	16.12	19.0392	14.9	17.87	15.77	19.0887	14.55	17.4183	13.47	15.8597	12.23	14.5308	12.5	13.5044
297	1970.667	1970	15.78	19.6271	15.67	19.0453	14.99	17.8763	16.38	19.087	15.17	17.4212	13.44	15.8563	12.53	14.5273	11.37	13.4996
298	1970.75	1970	16.51	19.6341	15.98	19.0485	16.24	17.8818	17.05	19.083	15.19	17.4194	13.73	15.8535	12.69	14.5242	11.41	13.4969
299	1970.8333	1970	17.32	19.6366	16.97	19.0499	17.21	17.8805	19.59	19.0791	17.52	17.4207	15.28	15.8513	14.78	14.5239	14.5	13.4982
300	1970.917	1970	17.7	19.6347	18.37	19.0521	16.86	17.8749	19.73	19.0669	17.63	17.4101	16.46	15.8472	15.58	14.5198	14.02	13.4956
301	1971	1971	19.53	19.6395	20	19.0535	19.82	17.8802	21.17	19.0571	18.81	17.407	17.16	15.8413	15.09	14.5138	14.99	13.4942
302	1971.0833	1971	20.59	19.6432	19.29	19.0489	18.4	17.8784	20.39	19.0485	19.2	17.4135	17.16	15.8403	15.73	14.5141	13.95	13.4922
303	1971.167	1971	19.66	19.6433	19.3	19.0539	19.69	17.8937	20.35	19.0471	18.99	17.432	16.94	15.8474	15.58	14.5174	14.8	13.4939
304	1971.25	1971	21.06	19.6696	19.05	19.0675	17.73	17.9014	19.85	19.0509	18.98	17.4577	17.01	15.859	15.3	14.5236	13.46	13.4946
305	1971.3333	1971	20.52	19.6806	17.8	19.0772	17.02	17.9154	17.52	19.0542	16.4	17.4772	14.99	15.867	13.52	14.5281	11.43	13.4959
306	1971.417	1971	19.27	19.6862	18.04	19.0947	16.48	17.931	17.4	19.0625	17.52	17.5091	14.82	15.8787	14.38	14.5379	12.9	13.5038
307	1971.5	1971	18.75	19.6945	16.85	19.1044	15.93	17.9454	16.46	19.0697	15.36	17.5253	14.48	15.8914	13.95	14.5454	12.1	13.5112
308	1971.5833	1971	17.34	19.6967	16.63	19.1157	15.27	17.9579	16.1	19.0762	15.12	17.5435	13.61	15.9017	12.57	14.5487	11.85	13.5198
309	1971.667	1971	16.15	19.6982	15.76	19.1243	15.29	17.9709	16.39	19.081	15.48	17.5618	13.9	15.9132	12.98	14.5532	12.46	13.5288
310	1971.75	1971	16.5	19.7061	16.23	19.1353	15.38	17.9826	17.08	19.0842	15.73	17.5754	14.59	15.9246	14	14.5574		13.5363
311	1971.8333	1971	18.14	19.7173	18.14	19.1507	18.6	18.0032	19.03	19.0879	16.71	17.5887	15.49	15.9329	14.09	14.5577	13.14	13.5437
312	1971.917	1971	19.09	19.7227	21.33	19.1688	19.24	18.0136	19.73	19.0881	18.68	17.606	17.05	15.9425	15.62	14.5597	13.14	13.5523
313	1972	1972	20.58	19.7306	20.82	19.1701	20.18	18.0212	21.89	19.0932	21.48	17.6267	19.41	15.952	16.59	14.5608	16.39	13.5656
314	1972.0833	1972	24.46	19.7565	23.13	19.1851	21.59	18.0366	23.47	19.099	22.22	17.6373	20.03	15.9557	17.6	14.562	18	13.5745
315	1972.167	1972	25.79	19.7722	23	19.1961	21.16	18.0517	20.3	19.0958	19.48	17.6353	17.54	15.9521	15.82	14.558	14.54	13.5746
316	1972.25	1972	23.33	19.7746	22.29	19.2107	20.26	18.0652	20.01	19.1035	19.11	17.645	17.35	15.9551	14.11	14.5566	14.87	13.5769
317	1972.3333	1972	23.14	19.7848	22.47	19.2255	19.51	18.0787	19.74	19.1151	17.45	17.654	15.71	15.9573	14	14.561	13.21	13.5759
318	1972.417	1972	22.23	19.7912	20.62	19.2325	18.1	18.088	17.77	19.1215	16.86	17.6666	15.37	15.9615	14.57	14.5677	12.7	13.5765
319	1972.5	1972	21.96	19.7992	20.68	19.2434	18.78	18.1	18.3	19.1297	17.1	17.6781	15.58	15.9667	14.32	14.5718	13.85	13.5789
320	1972.5833	1972	20.85	19.8002	20.8	19.2494	16.46	18.0968	15.6	19.128	15.57	17.6735	14.23	15.9647	13.27	14.5708	12.34	13.577
321	1972.667	1972	19.59	19.7965	17.09	19.2367	15.58	18.0967	15.77	19.131	14.87	17.668	14.6	15.9626	13.54	14.5685	13.4	13.5751
322	1972.75	1972	19.06	19.7934	18.6	19.2416	17.89	18.1062	18.45	19.139	16.88	17.6696	14.7	15.9579	14.43	14.5645	13.07	13.5693
323	1972.8333	1972	20.55	19.7979	20.25	19.245	18.48	18.1063	18.35	19.1402	16.77	17.6599	16.58	15.9524	16.58	14.5571	16.24	13.5636
324	1972.917	1972	22.42	19.8027	20.7	19.2422	19.28	18.108	21.98	19.1458	19.95	17.6595	16.76	15.9402	15.99	14.5391	15.66	13.5497
325	1973	1973	24.57	19.8046	23.4	19.2461	23.08	18.1175	22.34	19.1432	23.05	17.6524	19.59	15.9311	16.37	14.5198	13.05	13.5318
326	1973.0833	1973	23.54	19.7882	23.75	19.2403	22.93	18.1128	21.86	19.1407	21.27	17.6199	18.19	15.9125	15.34	14.5005	14.53	13.5204
327	1973.167	1973	22.33	19.7743	21.83	19.2259	21.76	18.1022	22.41	19.1426	20.81	17.5916	17.78	15.9003	16.6	14.4886	15.09	13.5107
328	1973.25	1973	18.4	19.7577	19.51	19.2174	18.25	18.0823	20.83	19.1415	18.63	17.5577	17.34	15.8892	14.3	14.4732	12.74	13.4991
329	1973.3333	1973	18.29	19.761	19.65	19.2187	17.21	18.0753	17.53	19.1384	16.76	17.528	14.3	15.8735	14.25	14.4625	13.2	13.491
330	1973.417	1973	16.98	19.76	17.02	19.212	16.17	18.0721	18.18	19.1441	16.71	17.5073	15.1	15.8675	13.93	14.4519	12.78	13.4835
331	1973.5	1973	16.36	19.763	16.15	19.211	15.06	18.0712	15.93	19.145	14.79	17.4793	13.23	15.8574	12.6	14.4403	11.95	13.4762
332	1973.5833	1973	16.29	19.7698	15.84	19.2144	15.92	18.0781	16.2	19.1492	14.98	17.4564	12.62	15.8524	12.29	14.4303	11.2	13.4703
333	1973.667	1973	16.02	19.7731	15.42	19.2169	15.3	18.0763	15.91	19.15	14.53	17.4304	13.46	15.8523	12.3	14.4206	11.9	13.4666
334	1973.75	1973	15.5	19.7713	15.15	19.217	15.2	18.0716	16.48	19.1504	14.61	17.4048	13.53	15.851	12.28	14.4113	11.75	13.4624
335	1973.8333	1973	16.72	19.7755	17.37	19.2244	16.99	18.0715	17.54	19.1526	16.11	17.3858	15.03	15.851	13.02	14.4047	12.93	13.4607
336	1973.917	1973	18.14	19.7799	18.78	19.2285	17.3	18.0695	17.99	19.1577	17.02	17.3681	15.75	15.8502	12.84	14.4008	13.47	13.4602
337	1974	1974	20.34	19.7862	20.5	19.231	19.88	18.0756	22.64	19.1772	20.4	17.3647	18.24	15.8547	15.98	14.4078	14.1	13.4619
338	1974.0833	1974	19.68	19.7798	20.09	19.2287	20.46	18.0817	23.37	19.1917	20.16	17.352	18.45	15.8558	15.74	14.4129	15.64	13.4659
339	1974.167	1974	21.41	19.7944	20.91	19.2379	20.27	18.0916	22.37	19.2	18.24	17.3409	16.99	15.8574	14.96	14.4209	16.16	13.4684
340	1974.25	1974	21.05	19.8101	20.09	19.2495	19.92	18.1004	21.11	19.2076	17.47	17.3441	15.88	15.8644	13.91	14.4334	13.05	13.466
341	1974.3333	1974	21.47	19.825	20.25	19.2623	18.12	18.103	19.39	19.2142	17.79	17.3573	16.77	15.8793	15.04	14.452	13.48	13.4663
342	1974.417	1974	19.53	19.8248	18.84	19.2687	16.78	18.105	18.62	19.22	15.5	17.3605	15.06	15.8845	14.05	14.4662	12.68	13.4666
343	1974.5	1974	18.25	19.8268	17.73	19.2717	16.16	18.1091	16.17	19.2211	14.77	17.3693	14.19	15.8898	13.11	14.4796	12.32	13.4676
344	1974.5833	1974	17.74	19.8329	16.78	19.2746	15.24	18.1125	15.71	19.2262	15.15	17.381	13.61	15.8955	12.24	14.4923	11.59	13.4688
345	1974.667	1974	16.06	19.8303	15.69	19.2766	15.41	18.1182	16.55	19.2338	14.26	17.3867	13.48	15.9009	12.45	14.5065	11.52	13.4709
346	1974.75	1974	16.29	19.8359	16.27	19.2836	15.55	18.122	17.23	19.239	15.27	17.3976	13.86	15.9073	13.14	14.5215	12.25	13.4741
347	1974.8333	1974	17.63	19.845	18.51	19.2944	17.57	18.1315	18.04	19.2442	16.55	17.4092	14.54	15.9135	13.02	14.5358	10.9	13.4773
348	1974.917	1974	20.08	19.858	19.33	19.2983	19.38	18.1414	20.29	19.2529	18.33	17.4213	16.69	15.9239	14.99	14.5557	14.03	13.4887
349	1975	1975	20.31	19.8559	21.09	19.3044	20.97	18.1467	22.8	19.2633		17.4357	16.43	15.9314	16.05	14.5766	13.88	13.4999
350	1975.0833	1975	21.99	19.8655	21.72	19.3106	21.76	18.1512		19.2693	20.93	17.45	19.54	15.952	18.02	14.5995	14.23	13.5136
351	1975.167	1975	23.3	19.8798	22.93	19.3233	20.02	18.1527	22.3	19.2753	19.96	17.4636	17.81	15.9656	15.93	14.6162	14.93	13.5303
352	1975.25	1975	21.9	19.8887	21.02	19.3284	19.72	18.1603	19.59	19.2785	19.05	17.4774	17.5	15.9814	17	14.6373	15.42	13.5466
353	1975.3333	1975	20.86	19.8946	20.53	19.3346	18.93	18.1671	19.03	19.2885	16.91	17.4875	16.08	15.9944	14.86	14.6505	13.53	13.5575
354	1975.417	1975	19.21	19.897	18.24	19.3347	16.73	18.1657	17.31	19.2971	16.82	17.506	15.75	16.0068	14.85	14.6644	13.55	13.5696
355	1975.5	1975	19.03	19.9072	17.53	19.3381	16.5	18.1689	16.72	19.3077	15.01	17.516	14.25	16.0145	13.42	14.6748	12.92	13.5802
356	1975.5833	1975	17.74	19.9099	16.34	19.34	14.66	18.1665	15.8	19.3166	14.61	17.5286	13.25	16.023	12.82	14.6846	11.49	13.5895
357	1975.667	1975	15.93	19.9067	15.06	19.3402	14.75	18.1697	15.76	19.3261	14.71	17.5437	13.32	16.0344	12.76	14.6944	12.02	13.6009
358	1975.75	1975	15.68	19.91	15.47	19.3445	14.62	18.1718	17.01	19.3375	14.45	17.5576	13.69	16.0479	12.73	14.7043		13.6125
359	1975.8333	1975	16.81	19.9185	15.88	19.3483	16.37	18.1821	18.38	19.3498	16.8	17.5839	14.79	16.0628	14.46	14.7178	15.35	13.624
360	1975.917	1975	18.72	19.9308	18.17	19.3627	18.1	18.1976	20.17	19.3623	18.63	17.6077	15.71	16.0798	14.98	14.7294	12.89	13.6292
361	1976	1976	21.1	19.9446	21.05	19.3808	20.96	18.2174	21.93	19.377	20.12	17.6325	18.43	16.1045	15.05	14.7427	13.97	13.6399
362	1976.0833	1976	22.58	19.9556	22.38	19.3931	23.47	18.2357	23	19.3933	22.43	17.6599	19.95	16.1265	17.28	14.7631	15	13.6533
363	1976.167	1976	23.25	19.9677	20.9	19.3977	20.79	18.2338	22.34	19.4064	18.58	17.6673	17.35	16.1397	15.47	14.7805	14.84	13.6675
364	1976.25	1976	22.04	19.98	20.58	19.4154	17.65	18.2277	20.15	19.418	17.23	17.6907	16.05	16.1581	15.42	14.8029	13.89	13.6818
365	1976.3333	1976	22.38	19.9978	21.3	19.4383	16.78	18.2383	20.03	19.4347	17.24	17.73	15.91	16.1841	14.99	14.8256	14.75	13.6963
366	1976.417	1976	21.82	20.0094	20.78	19.4564	17.07	18.2582	17.39	19.4457	16.26	17.7708	14.61	16.2084	13.96	14.8467	12.99	13.7077
367	1976.5	1976	21.32	20.019	20.57	19.4682	17.24	18.2774	16.94	19.4607	15.31	17.811	14.47	16.2369	13.2	14.8692	12.48	13.7199
368	1976.5833	1976	20.01	20.0222	18.33	19.4691	16.4	18.2897	16.08	19.475	15.46	17.8534	14.01	16.2655	13.23	14.8925	11.25	13.7323
369	1976.667	1976	19.17	20.0248	18.01	19.4747	16.17	18.3001	16.01	19.4908	15.37	17.8943	14.6	16.2945	13.25	14.9146	11.39	13.7477
370	1976.75	1976	18.96	20.0272	18.17	19.48	16.92	18.3105	18.58	19.5109	16.83	17.9363	14.37	16.3205	14.21	14.9365	13.26	13.7654
371	1976.8333	1976	19.49	20.0294	19.56	19.4874	18.84	18.3219	18	19.5256	17.8	17.9728	16.32	16.3502	14.62	14.9563	13.53	13.7818
372	1976.917	1976	21.38	20.0378	21.36	19.4959	20.06	18.3287	22.94	19.5499	21.2	18.009	18.77	16.3789	17.05	14.9773	15.88	13.7995
373	1977	1977	23.46	20.0445	23.74	19.5028	21.51	18.3299	24.08	19.5644	21.1	18.0266	20.29	16.4001	16.7	14.9921	16.02	13.8133
374	1977.0833	1977	23.26	20.0394	23.15	19.4955	21.49	18.3249	23.88	19.5735	21.8	18.0458	20	16.4128	17.89	15.0088	14.84	13.8242
375	1977.167	1977	23.53	20.0427	21.04	19.486	17.33	18.3135	21.99	19.5801	21.06	18.066	19.42	16.4264	17.31	15.0235	14.06	13.8375
376	1977.25	1977	21.73	20.0445	20.24	19.4913	17.6	18.3257	21.7	19.594	20.1	18.0849	18.2	16.437	16.13	15.0358	13.52	13.8538
377	1977.3333	1977	20.05	20.0444	20.16	19.501	17.14	18.3471	21.8	19.6091	19.33	18.1006	16.83	16.4462	14.34	15.0467	14.15	13.8716
378	1977.417	1977	19.76	20.0521	18.55	19.5058	18.11	18.3723	19.33	19.6136	18.29	18.1088	16.48	16.4549	14.59	15.0619	14.41	13.8891
379	1977.5	1977	19.22	20.0579	17.97	19.5114	16.35	18.3847	17.47	19.6155	15.28	18.1019	14.69	16.4579	14.18	15.0762	13.6	13.9035
380	1977.5833	1977	17.11	20.0539	16.92	19.5162	16.46	18.4005	17.12	19.6189	15.13	18.1052	14.08	16.4636	13.29	15.0871	12.93	13.9159
381	1977.667	1977	17.29	20.0612	16.53	19.5217	15.93	18.4113	16.65	19.621	15.73	18.1143	13.91	16.4707	12.25	15.0974	12.45	13.927
382	1977.75	1977	17.76	20.0674	17.05	19.5283	16.42	18.4217	17.51	19.6254	16.55	18.1205	15.16	16.4811	14.45	15.1134	13.1	13.938
383	1977.8333	1977	18.28	20.0686	19	19.5355	18.32	18.4349	19.59	19.6336	17.85	18.1243	15.39	16.4867	14.47	15.1255	14.01	13.9491
384	1977.917	1977	19.37	20.0711	18.53	19.532	18.71	18.4435	22.48	19.6401	19.13	18.1224	17.36	16.4958	15.31	15.1388	13.52	13.9595
385	1978	1978	20.98	20.0764	21.17	19.5417	21.37	18.4588	21.44	19.6386	20.17	18.1228	18.35	16.5039	16.87	15.1552	15.3	13.9743
386	1978.0833	1978	24.09	20.0924	22.55	19.5501	21.96	18.4709	23.75	19.6479	21.1	18.129	19.41	16.5134	18.03	15.1716	16.5	13.9888
387	1978.167	1978	22.9	20.09	21.88	19.5545	21.07	18.4828	24.26	19.654	20.61	18.1389	17.93	16.5221	16.1	15.1847	15.79	14.001
388	1978.25	1978	22.91	20.1023	21.37	19.5638	20.15	18.4932	20.86	19.6496	18.73	18.1479	17.44	16.5354	16.17	15.2025	14.3	14.0118
389	1978.3333	1978	19.6	20.093	19.53	19.5664	18.94	18.5032	19.42	19.6495	20	18.168	15.86	16.5491	15.25	15.2189	15.58	14.0229
390	1978.417	1978	19.16	20.0987	18.72	19.5735	16.73	18.5073	17.89	19.6505	17.28	18.1692	15.48	16.5684	14.42	15.235	13.9	14.0296
391	1978.5	1978	18.18	20.1023	17.76	19.5772	16.73	18.5189	17.45	19.6541	16.5	18.1683	18.5	16.5923		15.2515		14.0353
392	1978.5833	1978	16.25	20.1009	15.4	19.578	15.09	18.5266	15.43	19.655	14.26	18.1612	13.73	16.589	12.17	15.268	11.18	14.0411
393	1978.667	1978	17.66	20.1174	16.68	19.5941	15.69	18.5419	16.33	19.664	15.4	18.1726	14.62	16.5959	13.76	15.2913	12.93	14.0518
394	1978.75	1978	17.63	20.1234	18	19.6075	16.33	18.556	19.59	19.6774	18.47	18.1884	15.2	16.6035	15.52	15.3136	13.98	14.0606
395	1978.8333	1978	19.87	20.1363	18.01	19.6103	18.76	18.5738	20.89	19.6817	18.82	18.1824	16.78	16.6105	16.46	15.3297	12.85	14.0668
396	1978.917	1978	20.21	20.1362	19.88	19.6192	18.99	18.5829	21.49	19.6771	19.03	18.164	18.2	16.613	16.65	15.3396	16.36	14.0777
397	1979	1979	22.7	20.1452	21.69	19.6294	21.54	18.5977	22.52	19.673	21.06	18.155	18.46	16.6117	17.32	15.3487	14.93	14.0834
398	1979.0833	1979	22.36	20.1404	23.24	19.6403	21.91	18.6087	22.63	19.6719	21.91	18.1439	19.66	16.6142	18.48	15.3583	16.83	14.0912
399	1979.167	1979	23.45	20.1507	23.38	19.6489	20.78	18.6208	23.01	19.6747	20.16	18.128	19.16	16.6172	17.3	15.3644	15.4	14.0957
400	1979.25	1979	22.44	20.1585	21.85	19.6529	20.95	18.6364	22.27	19.6748	18.74	18.1164	17.79	16.617	16.58	15.3705	12.4	14.0997
401	1979.3333	1979	19.92	20.1548	19.36	19.6508	18.46	18.6443	19.67	19.6691	17.67	18.109	16.08	16.6162	14.76	15.3743		14.1097
402	1979.417	1979	19.81	20.1634	18.55	19.6582	18.22	18.656	17	19.6624	14.83	18.1038	15.16	16.6186	14.66	15.3816	12.65	14.1197
403	1979.5	1979	18.49	20.1666	18	19.6666	16.2	18.6615	17	19.6634	16.55	18.1186	14.97	16.6245	13.37	15.3883	12.26	14.1324
404	1979.5833	1979	18.42	20.1763	17	19.6755	16.07	18.6747	15.69	19.6632	15.64	18.1216	14.89	16.6293	13.04	15.3966	13.17	14.1473
405	1979.667	1979	18.07	20.1819	17.78	19.6882	16.37	18.6892	16.95	19.6675	15.01	18.1224	13.7	16.6295	13.13	15.4066	11.44	14.16
406	1979.75	1979	18.03	20.1851	17.2	19.6914	16.84	18.7005	17.45	19.6686	15.63	18.1272	13.89	16.6348	13.48	15.4181	13.52	14.1765
407	1979.8333	1979	18.35	20.1857	18.58	19.6984	18.68	18.7146	19.04	19.671	17.48	18.1392	16.64	16.6475	15.8	15.4337	14.23	14.1922
408	1979.917	1979	20.24	20.1937	20.25	19.7055	20.04	18.7251		19.672	20.27	18.1495	18.01	16.6547	17.08	15.4452	14.65	14.2077
409	1980	1980	21.5	20.1971	21.03	19.7097	21.13	18.7322	22.6	19.673	20.4	18.1499	18.72	16.6593	16.88	15.453	16.18	14.2248
410	1980.0833	1980	23.5	20.2068	22.54	19.7208	21.64	18.7426	21.6	19.6722	22.01	18.1572	20.33	16.6663	19.53	15.4651	17.24	14.2401
411	1980.167	1980	24.05	20.2147	24.17	19.7372	22.25	18.7604	21.28	19.6787	20.89	18.1598	19.57	16.6699	18.39	15.4688	17.37	14.2522
412	1980.25	1980	22.26	20.2181	21.46	19.74	20.5	18.7677	22.16	19.6912	19.18	18.1609	18.08	16.6694	15.46	15.4674	14.02	14.2584
413	1980.3333	1980	21.66	20.2254	21.33	19.7492	19.17	18.7776	19.79	19.6972	18.96	18.1675	16.65	16.6683	15.29	15.4713	14.29	14.2666
414	1980.417	1980	20.07	20.2247	19.4	19.7513	18.76	18.7867	18.69	19.7021	17.28	18.1677	16.46	16.6682	15.54	15.4767	14.77	14.2757
415	1980.5	1980	18.52	20.2243	18.15	19.7527	16.76	18.7877	17.34	19.7052	15.36	18.1614	13.49	16.6614	13.27	15.4773	12.95	14.2814
416	1980.5833	1980	17.56	20.2272	16.95	19.7567	16.05	18.7925	16.57	19.7074	15.03	18.1618	14.45	16.666	13.87	15.4816	13.4	14.2882
417	1980.667	1980	17.29	20.2327	16.95	19.7633	15.62	18.7981	17.2	19.7101	15.77	18.1678	14.65	16.6696	13.63	15.4841	13.3	14.2935
418	1980.75	1980	17.66	20.2386	16.6	19.7661	16.52	18.8045	17.19	19.7088	15.3	18.1664	14.64	16.6698	13.26	15.486	12.5	14.2964
419	1980.8333	1980	18.25	20.241	18.15	19.774	16.59	18.8092	18.4	19.7103	16.43	18.1746	14.47	16.6692	13.71	15.4919		14.3031
420	1980.917	1980	19.74	20.2462	20.07	19.7815	19.28	18.8241	20.2	19.7136	19.39	18.1901	16.97	16.6783	16.44	15.5042	15.14	14.3097
421	1981	1981	20.65	20.2473	19.93	19.7815	20.09	18.8339	21.66	19.7196	20.05	18.2029	18.04	16.689	16.96	15.514	15.7	14.3163
422	1981.0833	1981	22.77	20.257	22.52	19.7944	21.36	18.8512	22.95	19.7297	22.11	18.2246	19.61	16.7038	17.63	15.5257	16	14.3225
423	1981.167	1981	22.19	20.2584	21.53	19.7998	21.72	18.8732	21.41	19.737	20.65	18.2392	19.43	16.719	17.75	15.5386	14.91	14.329
424	1981.25	1981	20.45	20.263	21.03	19.8113	21.03	18.8879	21.6	19.7489	20.23	18.2575	18.38	16.7311	17.22	15.5502	16.26	14.3383
425	1981.3333	1981	20.52	20.2766	19.24	19.8168	18.71	18.8969	18.33	19.7568	18.93	18.2706	18.05	16.7421	16.8	15.5586	15.71	14.342
426	1981.417	1981	19.38	20.2811	18.29	19.8267	17.84	18.9076	19.08	19.7722	18.23	18.2825	16.9	16.7461	15.85	15.5628	14.34	14.3425
427	1981.5	1981	17.34	20.2809	17.51	19.8366	16.65	18.9184	16.72	19.7818	15.59	18.2803	15.25	16.7447	13.95	15.5628	13.12	14.3417
428	1981.5833	1981	17.45	20.2928	17.14	19.8497	17.11	18.9349	17.38	19.7948	16.34	18.2884	14.77	16.7436	14.71	15.5646	12.75	14.3414
429	1981.667	1981	16.85	20.2998	16.39	19.8589	15.87	18.9433	17.27	19.8035	16.28	18.2924	14.39	16.7429	13.99	15.5618	12.78	14.3418
430	1981.75	1981	17.57	20.3108	17.45	19.8717	17.6	18.9552	17.86	19.8093	16.88	18.2909	14.86	16.7435	13.62	15.5578	13.07	14.3415
431	1981.8333	1981	18.54	20.3186	18.21	19.88	16.68	18.9579	18.53	19.8151	17.6	18.2871	15.79	16.7445	14.41	15.5572	13.01	14.3424
432	1981.917	1981	19.73	20.3249	19.45	19.8888	18.97	18.9727	21.14	19.8238	19.89	18.2824	17.75	16.7464	15.43	15.5589	14.22	14.3472
433	1982	1982	20.83	20.3291	21.56	19.9017	20.99	18.9889	21.67	19.8303	20.07	18.2723	17.4	16.7448	16.45	15.5636	15.51	14.3547
434	1982.0833	1982	21.75	20.3339	22.42	19.9093	21.86	19.0026	22.97	19.8421	20.1	18.2691	18.72	16.7525	17.28	15.5722	15.76	14.3619
435	1982.167	1982	21.3	20.3393	20.69	19.9123	19	19.0113	20.39	19.8511	20.46	18.2802	19.04	16.7665	17.65	15.5827	15.47	14.3704
436	1982.25	1982	21.02	20.3564	20.37	19.9298	20.02	19.0368	21.23	19.8718	19.3	18.2906	18.42	16.7785	15.95	15.5912	14.54	14.379
437	1982.3333	1982	20.34	20.3699	20.4	19.9504	18.91	19.0608	20.21	19.8923	18.05	18.3015	17.1	16.7868	16.07	15.6021	14.75	14.3877
438	1982.417	1982	19.73	20.3819	19.56	19.9666	18.01	19.0809	19.09	19.9088	16.28	18.315	16.43	16.7946	15.12	15.6115	13.95	14.3959
439	1982.5	1982	19.59	20.397	18.51	19.9775	17.33	19.0998	16.95	19.9216	16.26	18.3337	15.31	16.7997	14.64	15.62	13.82	14.4041
440	1982.5833	1982	18.51	20.4051	16.96	19.9885	16.49	19.1182	17.13	19.9381	15.79	18.349	15.41	16.8047	14.06	15.6258	12.93	14.4102
441	1982.667	1982	17.99	20.4155	17.6	20.008	16.38	19.1385	17.25	19.9541	15.3	18.3648	14.79	16.8068	14.28	15.6313	12.53	14.417
442	1982.75	1982	20.24	20.4393	18.57	20.0284	17.34	19.1609	18.53	19.9705	17.1	18.3859	15.84	16.81	14.89	15.6351	14.07	14.4246
443	1982.8333	1982	22.04	20.4551	21.57	20.0531	19.77	19.1903	20.31	19.9873	18.1	18.4023	16.3	16.8087	14.81	15.6367		14.4309
444	1982.917	1982	23.36	20.4644	22.58	20.0664	21.86	19.2169	20.78	20.0015	19.64	18.4146	17.32	16.8082	16.02	15.6408	15.26	14.4372
445	1983	1983	25.71	20.4768	24.89	20.0832	24.53	19.2426	25.47	20.0266	22.97	18.4339	20.33	16.814	18.53	15.6475	17.06	14.4441
446	1983.0833	1983	26.95	20.4835	26.35	20.0972	25.62	19.2623	26.2	20.044	22.1	18.4355	20.79	16.8107	19.12	15.6501	16.94	14.4468
447	1983.167	1983	27.77	20.4944	26.74	20.1112	25.5	19.2789	25.23	20.053	22.78	18.4421	18.71	16.8025	17.76	15.6472	16.36	14.4481
448	1983.25	1983	27.45	20.5073	26.59	20.1261	24.2	19.2852	24.73	20.0574	21.1	18.4345	18.66	16.8005	17.38	15.6451		14.4474
449	1983.3333	1983	27.24	20.5157	25.44	20.1314	23.44	19.2912	21.83	20.0532	19.15	18.4195	18.39	16.7959	15.99	15.6385	15.17	14.4467
450	1983.417	1983	24.74	20.5054	24.08	20.13	22.43	19.2852	20.44	20.0469	18.33	18.4067	16.52	16.7822	14.47	15.6316		14.4444
451	1983.5	1983	22.62	20.4956	21.67	20.1172	19.56	19.2634	18.6	20.0377	17.84	18.3833	14.74	16.7653	13.73	15.6264	13.1	14.442
452	1983.5833	1983	21.09	20.4873	19.23	20.1051	18.1	19.2425	17.66	20.028	14.86	18.3421	14.36	16.7516	13.99	15.6226	13.43	14.4404
453	1983.667	1983	19.25	20.4753	19.04	20.101	15.54	19.2185	18	20.0197	14.77	18.3148	14.42	16.7413	13.52	15.6173	11.98	14.4373
454	1983.75	1983	19.37	20.4712	19.42	20.096	18.05	19.2104	17.9	20.0092	15.48	18.294	15.63	16.7321	14.52	15.6137	14.07	14.4371
455	1983.8333	1983	19.68	20.4639	19.44	20.0857	17.23	19.1932	20.15	20.0045	17.06	18.2828	15.4	16.7168	14.37	15.6087	14.35	14.4353
456	1983.917	1983	21.34	20.4617	20.27	20.0774	19.01	19.1856	21.82	19.9976	20.36	18.2737	17.27	16.7064	16.58	15.608	15.4	14.4339
457	1984	1984	21.54	20.4486	22.12	20.0759	20.45	19.1833	24.87	19.9918	21.27	18.2541	18.99	16.6976	17.58	15.6048	15.1	14.4319
458	1984.0833	1984	21.62	20.436	23	20.0731	23.47	19.1928		19.9767	19.98	18.2286	19.09	16.6851	15.58	15.6001	16.04	14.4318
459	1984.167	1984	21.27	20.4299	23.49	20.074	23.1	19.1938	21.65	19.9616	20.1	18.2218	18.52	16.6754	17.5	15.6069	16.9	14.4327
460	1984.25	1984	20.4	20.4318	22.65	20.0727	21.11	19.1828	22.33	19.9551	21.9	18.2239	16.65	16.6652	17.96	15.6129	13.9	14.4289
461	1984.3333	1984	19.25	20.4314	19.41	20.0589	20.14	19.1764	20.33	19.9441	18.43	18.1975	16.2	16.6606	14.15	15.6085	13	14.4272
462	1984.417	1984	19.15	20.4359	18.52	20.0571	17.98	19.1632	17.7	19.9297	16	18.1726	14.45	16.6558	13.28	15.6129		14.4305
463	1984.5	1984	19.13	20.4421	18.69	20.0609	18.55	19.1576	17.28	19.9209	14.2	18.1529	13.1	16.6564	13.4	15.6229	11.47	14.4338
464	1984.5833	1984	18.4	20.4425	18.33	20.0643	16.87	19.1438	17.26	19.9115	16.42	18.1526	15.11	16.6681	13.74	15.6347	12.85	14.4427
465	1984.667	1984	18.42	20.4442	17.84	20.0618	16.33	19.1309	16.5	19.8978	14.7	18.1397	14.49	16.6741	13.83	15.6464		14.452
466	1984.75	1984	17.43	20.4369	17.48	20.0554	16.76	19.1196	18	19.8842	16.6	18.1348	15.72	16.6805	15.53	15.6591	15.5	14.4613
467	1984.8333	1984	19.4	20.4414	19.24	20.0552	19.45	19.1171	15	19.8657		18.1256	16	16.6812	15.85	15.6667	14.68	14.4648
468	1984.917	1984	19.8	20.4357	20.84	20.0506	20.35	19.103	21.23	19.8712	19.2	18.1164	18.37	16.6845	17.06	15.673	15.31	14.4682
469	1985	1985	22.11	20.4391	20.32	20.038	20.83	19.0835	24.4	19.8714	20.26	18.1085	19.25	16.6832	19.2	15.6776		14.472
470	1985.0833	1985	22.9	20.436	22.04	20.038	20.08	19.0661	20.3	19.856		18.1052	20.17	16.6799		15.6757	17.6	14.4758
471	1985.167	1985	24.3	20.4425	23.78	20.043	20.89	19.0664	21.5	19.855		18.102	18.98	16.6733	18.9	15.6737	16.97	14.476
472	1985.25	1985	21	20.4303	19.22	20.0282	20.86	19.063	19.82	19.8546		18.0987	17.05	16.6651	14.78	15.6644	14.8	14.4725
473	1985.3333	1985	18.91	20.4235	20	20.0339	17.57	19.0503	18.1	19.8597	18.1	18.0955	15	16.6607		15.6646	16.95	14.4699
474	1985.417	1985	19.15	20.43	18.66	20.0335	17.28	19.0458	18.65	19.8716	16.1	18.094	15.91	16.6689	15.07	15.6648		14.4599
475	1985.5	1985	18.6	20.434	17.36	20.0295	16.28	19.0406	18.13	19.8798	16.1	18.097	14.8	16.6721	14.15	15.6627		14.4499
476	1985.5833	1985	17.57	20.4343	16.6	20.0292	16.48	19.0418	16.7	19.8809	15.39	18.0963	14.21	16.6741	13.25	15.6599	13.07	14.4399
477	1985.667	1985	18.9	20.4457	15	20.0253	16.45	19.0387	17.58	19.8827	15.9	18.1003	14.63	16.6793	14.7	15.6611	12.25	14.4301
478	1985.75	1985	17.5	20.4377	17	20.0352	16.15	19.0294	16.3	19.878	16.4	18.0974		16.6824		15.6574	15	14.4224
479	1985.8333	1985	19.06	20.4405	18.75	20.0434	18.23	19.0287	18.97	19.8834	17.08	18.0946	16.11	16.6855	14.43	15.6537		14.4103
480	1985.917	1985	19.3	20.4342	20.32	20.0458	18.65	19.0212		19.8877		18.0919	16.92	16.6864	16.04	15.6545	16.1	14.3981
481	1986	1986	20.14	20.4317	20.9	20.0454	20.93	19.021	22.03	19.892	19.7	18.0893	17.5	16.6904	18.3	15.6564	16.85	14.3838
482	1986.0833	1986	24.37	20.4509	23.05	20.0533	21.64	19.0192	23.78	19.9008	22.1	18.0986	19.41	16.7023	18.04	15.6547	16	14.3651
483	1986.167	1986	23.79	20.4483	23.36	20.0603	20.12	19.0163	21.46	19.903	19.8	18.0967	19.11	16.7145	16.69	15.6514	10.3	14.3459
484	1986.25	1986	19.9	20.4343	23.43	20.0675	19.85	19.0169		19.9116	19.5	18.1051	17.7	16.7243	15.55	15.6522	13.32	14.3434
485	1986.3333	1986	19.85	20.4423	19.14	20.0524	17.7	19.0161	19.61	19.9202	18.52	18.1119	17.71	16.736	16.01	15.6566	14.23	14.3432
486	1986.417	1986	19.47	20.4477	17.68	20.0514	16.51	19.0164	18.93	19.9291		18.1172		16.741		15.6597	13.9	14.3432
487	1986.5	1986	18.26	20.4505	18.77	20.0631	15.59	19.02	16.7	19.9344	15.85	18.1226	14.19	16.7461	12.98	15.6629		14.3426
488	1986.5833	1986	19.53	20.4657	17.68	20.0691	15.62	19.0332	16.86	19.9436	16.33	18.1302	15.09	16.7579	13.87	15.6715		14.342
489	1986.667	1986	18.21	20.4641	17.64	20.0748	16.5	19.05	16.53	19.9532	16.42	18.1328	15.55	16.7677	14.42	15.6796	13.69	14.3414
490	1986.75	1986	18.93	20.4695	18.4	20.0791	19.2	19.0653	19	19.9665		18.1216	14.4	16.77		15.6848	13.39	14.3375
491	1986.8333	1986	19.68	20.4706	18.93	20.08	17.11	19.0622	19.58	19.9757	14.2	18.1104	15.97	16.7775	15	15.6901	17	14.3354
492	1986.917	1986	21.18	20.4737	20.49	20.0842	21.65	19.0805		19.9865	18.7	18.1304	18.1	16.7871	16.51	15.6977	14.36	14.3242
493	1987	1987	22.93	20.478	23.36	20.0974	22.81	19.0882	24.22	19.9972	20.62	18.1522	18.44	16.7936	18.07	15.7043	14.77	14.3165
494	1987.0833	1987	25.92	20.4908	25.25	20.1068	24.31	19.0964	24.9	20.006	20.67	18.1718	20.32	16.8052	18.72	15.7105	16.63	14.3114
495	1987.167	1987	26.9	20.4985	25.56	20.1119	24.11	19.1003	25.13	20.0108	22.6	18.2028	20.13	16.815	19.08	15.7139	16.55	14.305
496	1987.25	1987	25.14	20.4963	24.43	20.1127	21.86	19.0886	22.73	20.0062	19.1	18.2107	19.32	16.8197	17.46	15.7113	15.1	14.2951
497	1987.3333	1987	22.75	20.4868	22.27	20.1031	19.15	19.0774		19.9999	19	18.2271	18.22	16.8177	16.24	15.7047	13.1	14.2832
498	1987.417	1987	21.07	20.4781	19.17	20.0902	17.73	19.0707	17.65	19.9937	16.03	18.2386	14.89	16.8088	13.93	15.6979	13.2	14.2758
499	1987.5	1987	19.7	20.4734	19.71	20.0916	18.54	19.0721	18.93	19.9982	16.75	18.26	15.78	16.8101	14.1	15.695	12.45	14.2695
500	1987.5833	1987	19.13	20.4725	18.33	20.0899	17.02	19.066	17.74	19.9956	16.88	18.2759	15.45	16.8071	13.43	15.6914	13.16	14.2651
501	1987.667	1987	19.04	20.473	18.71	20.0905	16.44	19.0592	17.42	19.9922	16.7	18.286	15.11	16.8018	14.5	15.6908		14.2598
502	1987.75	1987	19.31	20.4713	18.14	20.0831	18.4	19.0554	19.2	19.9899	17.76	18.2874	15.49	16.795	15.04	15.6875	13.67	14.2545
503	1987.8333	1987	19.77	20.4651	19.57	20.082	16.7	19.0399	20.4	19.9847		18.2787	16.3	16.7854	16.43	15.682	15.28	14.249
504	1987.917	1987	20.59	20.4586	21.14	20.0797	20.4	19.043	21.91	19.976	19.32	18.27	17.65	16.776	15.47	15.6709		14.2402
505	1988	1988	22.53	20.4572	23.49	20.0806	22.14	19.0398		19.9668	19.55	18.2626	18.24	16.7663	16.98	15.6642	15.88	14.2315
506	1988.0833	1988	23.07	20.4481	23.5	20.0706	21.97	19.029	23.07	19.9575	21.44	18.2695	19.21	16.7606	18.02	15.6612	15.73	14.2212
507	1988.167	1988	22.1	20.4388	23.01	20.0636	20.12	19.0199		19.951	19.7	18.2739	19.01	16.7585	17.93	15.6568	16.58	14.2129
508	1988.25	1988	22.31	20.4452	22.88	20.0634	20.49	19.0183	21.72	19.9445	20.42	18.2913	18.55	16.7561	16.94	15.6509	14.9	14.2006
509	1988.3333	1988	19.25	20.4315	19.85	20.0482	18.05	19.0128		19.9375	18.9	18.2969	17.36	16.7491	15.25	15.6412		14.1868
510	1988.417	1988	18.2	20.4263	18.44	20.04	16.4	19.009	19.65	19.9305	15.95	18.2989	15.1	16.739	13.3	15.6354	11.2	14.1731
511	1988.5	1988	17.44	20.4262	17.58	20.0339	18.17	19.0169	16	19.9156	15.9	18.3091	15.05	16.7337		15.6351		14.167
512	1988.5833	1988	16.88	20.4266	17.03	20.0321	15.94	19.0117	16.98	19.9091	16.4	18.3207	15.24	16.7278	14.08	15.6348		14.161
513	1988.667	1988	16.73	20.4281	15.7	20.0254	15.69	19.0093	15.68	19.9003	14.81	18.3257	14.36	16.7183	13.04	15.6322	12.32	14.155
514	1988.75	1988	16.83	20.4277	17.1	20.0272	16.66	19.0106	17.6	19.8977	16.62	18.3387	14.62	16.7104	13.35	15.6331	13.05	14.1492
515	1988.8333	1988	17.99	20.4298	18.12	20.0281	18.88	19.0176	19.74	19.8971	17.63	18.3499	16.15	16.704	15.74	15.6387	13.1	14.1439
516	1988.917	1988	20.28	20.4367	20.51	20.0305	20.39	19.0179		19.8922	17.9	18.3552	17.23	16.6973	15.88	15.6413	13.43	14.1414
517	1989	1989	22.05	20.4402	21.26	20.0297	21.15	19.0146	22.93	19.8873	21.53	18.3815	19.07	16.693	18.04	15.6458	15.93	14.1444
518	1989.0833	1989	25.03	20.4504	24.37	20.0377	23.8	19.0184	23.05	19.8821	22.21	18.4003	19.7	16.6857	17.52	15.6482	16.88	14.1447
519	1989.167	1989	24.02	20.4439	24.49	20.0337	20.41	19.0058	23.18	19.8774	21.9	18.4146	18.73	16.6772	17.7	15.6523	15	14.1424
520	1989.25	1989	22.04	20.4384	19.44	20.0118	20.05	19.0002	20.3	19.8679	18.05	18.4169	17.29	16.6687	15.96	15.6556	13.82	14.141
521	1989.3333	1989	19.25	20.4279	19.11	20.009	17.53	18.9956	19.93	19.865	19.25	18.4412	16	16.6625	17.9	15.6623	13.5	14.1412
522	1989.417	1989	18.71	20.4294	17.99	20.0106	16.6	18.9966	17.6	19.8591		18.4592	14.5	16.6605	14.4	15.6597	14	14.1441
523	1989.5	1989	19.39	20.4416	18.87	20.0179	17.32	19.0044	16.9	19.8573	17.27	18.4773	15.53	16.6653	14.45	15.6592	13.77	14.1454
524	1989.5833	1989	19.13	20.4459	17.11	20.0158	16.1	19.0075	16.96	19.8557	16.93	18.4857	14.75	16.6631	13.9	15.6568	13.6	14.1446
525	1989.667	1989	17.87	20.4416	16.56	20.0147	16.25	19.0113	15.76	19.8519	14.97	18.487	14.19	16.6601	13.46	15.6542	13.23	14.1418
526	1989.75	1989	18.37	20.4434	18.12	20.0181	17.03	19.0136	18.55	19.8537	17	18.4986	13.94	16.659	13.38	15.6531	12.73	14.1366
527	1989.8333	1989	18.86	20.4409	17.54	20.013	18.08	19.0168	18.74	19.8503	17.24	18.5069	16.79	16.6652	15.03	15.6566		14.1341
528	1989.917	1989	20.19	20.4412	20.81	20.02	19.56	19.0214	21.25	19.8489	20.29	18.5207	18.76	16.6671	17.25	15.6623	18.9	14.1316
529	1990	1990	22.47	20.4455	22.05	20.022	22.58	19.031	21.5	19.8457	21.63	18.5296	18.8	16.6597	18.47	15.6626	13.55	14.1159
530	1990.0833	1990	22.52	20.4377	23.47	20.0225	22.53	19.0309	23.43	19.8507	22.27	18.5352	19.03	16.6529	18.21	15.6603	15.75	14.107
531	1990.167	1990	23.03	20.4404	23.19	20.0197	21.37	19.0331	22.89	19.8525	20.75	18.5377	18.56	16.6511	17.35	15.6566	14.67	14.0986
532	1990.25	1990	21.37	20.4407	20.39	20.0148	21.96	19.0373	21.26	19.852	20.54	18.5468	18.31	16.6519	17.04	15.6553		14.0917
533	1990.3333	1990	21.11	20.4486	21.29	20.0243	18.33	19.0307	20.02	19.8522	18.97	18.5481	16.97	16.6489	17.4	15.651	14	14.0849
534	1990.417	1990	21.3	20.4552	20.49	20.0269	18.18	19.0312	18.23	19.8502	17.1	18.5501	15.93	16.6455	13.7	15.6401	12.75	14.0786
535	1990.5	1990	18.97	20.4477	18.2	20.0174	16.78	19.0268	16.54	19.8489	15.82	18.5496	14.27	16.6386	12.81	15.6331	12.15	14.0743
536	1990.5833	1990	17.95	20.4459	16.91	20.0152	15.65	19.0276	16.52	19.8511	16.3	18.5553	14.76	16.6372	13.44	15.6317	12.72	14.0721
537	1990.667	1990	18.08	20.4502	17.75	20.0205	16.66	19.0351	16.92	19.855	15.73	18.5596	14.82	16.6356	13.3	15.6312	11.63	14.0696
538	1990.75	1990	18.22	20.4509	18.11	20.0191	16.86	19.0377	17.6	19.8576	16.1	18.5629	15.26	16.6319	14.78	15.6333		14.0695
539	1990.8333	1990	18.82	20.4501	17.84	20.0137	19.7	19.0476	20.25	19.8639	18.48	18.5764	16.7	16.6245	16.18	15.633	14	14.0693
540	1990.917	1990	21.09	20.4564	20.77	20.0181	19.99	19.0447	21.5	19.864	20.37	18.5805	15.7	16.6114	15.34	15.6283		14.0693
