ID	MONTH	LENGTH	AFD
1.000	11.000	28.380	0.248
2.000	11.000	16.570	0.052
3.000	11.000	13.690	0.028
4.000	11.000	17.440	0.070
5.000	11.000	11.830	0.022
6.000	11.000	28.130	0.187
7.000	11.000	32.580	0.361
8.000	11.000	15.700	0.050
9.000	11.000	18.730	0.087
10.000	11.000	21.520	0.128
11.000	11.000	20.170	0.105
12.000	11.000	16.720	0.054
13.000	11.000	15.990	0.065
14.000	11.000	16.850	0.061
15.000	11.000	21.540	0.118
16.000	11.000	13.060	0.030
17.000	11.000	13.750	0.038
18.000	11.000	16.420	0.058
19.000	11.000	11.080	0.022
20.000	11.000	13.500	0.036
21.000	11.000	12.670	0.016
22.000	11.000	22.560	0.128
23.000	12.000	24.100	0.167
24.000	12.000	24.090	0.134
25.000	12.000	24.010	0.105
26.000	12.000	23.420	0.145
27.000	12.000	23.240	0.148
28.000	12.000	24.110	0.110
29.000	12.000	23.090	0.145
30.000	12.000	23.820	0.150
31.000	12.000	23.310	0.100
32.000	12.000	24.110	0.147
33.000	12.000	21.090	0.081
34.000	12.000	22.530	0.137
35.000	12.000	22.690	0.136
36.000	12.000	22.210	0.097
37.000	12.000	20.650	0.098
38.000	12.000	21.910	0.126
39.000	12.000	20.450	0.098
40.000	12.000	22.660	0.131
41.000	12.000	21.350	0.088
42.000	12.000	22.750	0.135
43.000	12.000	21.820	0.140
44.000	12.000	22.040	0.124
45.000	12.000	21.130	0.110
46.000	12.000	22.240	0.133
47.000	12.000	21.950	0.128
48.000	12.000	22.500	0.127
49.000	12.000	20.510	0.108
50.000	12.000	22.880	0.135
51.000	12.000	22.040	0.139
52.000	12.000	22.170	0.088
53.000	12.000	21.230	0.108
54.000	12.000	19.640	0.102
55.000	12.000	20.550	0.060
56.000	12.000	20.540	0.085
57.000	12.000	21.630	0.116
58.000	12.000	22.300	0.126
59.000	12.000	21.910	0.077
60.000	12.000	22.330	0.129
61.000	12.000	21.820	0.127
62.000	12.000	22.560	0.124
63.000	12.000	20.180	0.092
64.000	12.000	21.280	0.093
65.000	12.000	22.270	0.101
66.000	12.000	19.740	0.079
67.000	12.000	21.690	0.107
68.000	12.000	21.810	0.116
69.000	12.000	22.250	0.117
70.000	12.000	22.040	0.133
71.000	12.000	20.910	0.117
72.000	12.000	20.370	0.113
73.000	12.000	20.370	0.098
74.000	12.000	20.030	0.079
75.000	12.000	21.880	0.084
76.000	12.000	21.900	0.107
77.000	12.000	21.610	0.120
78.000	12.000	20.010	0.103
79.000	12.000	20.020	0.109
80.000	12.000	20.540	0.066
81.000	3.000	11.200	0.012
82.000	3.000	11.000	0.013
83.000	3.000	10.650	0.014
84.000	3.000	10.300	0.011
85.000	3.000	10.450	0.013
86.000	3.000	9.780	0.009
87.000	3.000	10.530	0.011
88.000	3.000	10.360	0.011
89.000	3.000	9.890	0.010
90.000	3.000	9.570	0.009
91.000	3.000	9.770	0.009
92.000	3.000	10.000	0.010
93.000	3.000	10.050	0.011
94.000	3.000	9.620	0.009
95.000	3.000	9.900	0.009
96.000	3.000	10.230	0.010
97.000	9.000	16.310	0.039
98.000	9.000	15.560	0.054
99.000	9.000	16.070	0.033
100.000	9.000	16.030	0.052
101.000	9.000	15.780	0.031
102.000	9.000	15.520	0.036
103.000	9.000	15.830	0.032
104.000	9.000	15.860	0.031
105.000	9.000	8.600	0.004
106.000	9.000	8.670	0.006
107.000	9.000	8.680	0.006
108.000	9.000	9.290	0.007
109.000	9.000	8.860	0.007
110.000	9.000	8.930	0.006
111.000	9.000	9.260	0.006
112.000	2.000	17.770	0.065
113.000	2.000	20.930	0.114
114.000	2.000	21.760	0.138
115.000	2.000	17.750	0.062
116.000	2.000	21.550	0.112
117.000	2.000	19.770	0.094
118.000	2.000	20.080	0.099
119.000	2.000	19.770	0.104
120.000	2.000	20.830	0.116
121.000	2.000	22.700	0.135
122.000	2.000	22.980	0.138
123.000	2.000	19.940	0.098
124.000	2.000	20.760	0.119
125.000	2.000	14.700	0.034
126.000	2.000	22.170	0.153
127.000	2.000	22.360	0.121
128.000	2.000	21.080	0.096
129.000	2.000	17.140	0.053
130.000	2.000	17.440	0.056
131.000	2.000	23.550	0.175
132.000	2.000	23.810	0.161
133.000	2.000	23.760	0.162
134.000	2.000	24.780	0.164
135.000	2.000	18.540	0.097
136.000	2.000	19.130	0.080
137.000	2.000	19.350	0.091
138.000	2.000	18.590	0.068
139.000	2.000	24.060	0.164
140.000	2.000	17.070	0.056
141.000	2.000	19.820	0.089
142.000	2.000	19.570	0.077
143.000	2.000	17.750	0.065
144.000	2.000	18.770	0.078
145.000	2.000	17.930	0.066
146.000	2.000	23.190	0.140
147.000	2.000	16.330	0.047
148.000	2.000	22.820	0.148
149.000	2.000	24.790	0.173
150.000	2.000	22.800	0.147
151.000	2.000	19.090	0.077
152.000	2.000	19.310	0.085
153.000	2.000	18.790	0.072
154.000	2.000	17.000	0.042
155.000	2.000	17.840	0.069
156.000	2.000	18.300	0.071
157.000	2.000	17.800	0.069
158.000	2.000	17.710	0.064
159.000	2.000	20.820	0.098
160.000	2.000	21.500	0.121
161.000	2.000	20.930	0.116
162.000	2.000	20.870	0.132
163.000	2.000	23.830	0.075
164.000	2.000	21.090	0.104
165.000	2.000	21.430	0.100
166.000	2.000	26.500	0.236
167.000	2.000	26.660	0.213
168.000	2.000	26.900	0.245
169.000	2.000	26.080	0.203
170.000	2.000	22.520	0.115
171.000	2.000	22.710	0.155
172.000	2.000	22.340	0.130
173.000	2.000	22.210	0.115
174.000	2.000	22.050	0.119
175.000	2.000	22.870	0.136
176.000	2.000	22.270	0.124
177.000	2.000	22.770	0.142
178.000	2.000	22.780	0.146
179.000	2.000	22.890	0.099
180.000	2.000	21.980	0.119
181.000	2.000	22.250	0.127
182.000	2.000	22.020	0.130
183.000	2.000	22.660	0.136
184.000	2.000	25.670	0.195
185.000	2.000	25.290	0.196
186.000	2.000	25.560	0.186
187.000	2.000	26.030	0.207
188.000	2.000	25.820	0.208
189.000	2.000	20.490	0.118
190.000	2.000	20.280	0.095
191.000	2.000	20.290	0.095
192.000	2.000	19.890	0.085
193.000	2.000	20.250	0.106
194.000	2.000	20.050	0.114
195.000	2.000	20.530	0.085
196.000	2.000	30.320	0.366
197.000	2.000	27.420	0.252
198.000	2.000	30.850	0.312
199.000	2.000	34.190	0.565
200.000	2.000	31.630	0.420
201.000	2.000	19.740	0.097
202.000	2.000	24.070	0.154
203.000	2.000	24.660	0.155
204.000	2.000	25.430	0.199
205.000	2.000	30.590	0.314
206.000	2.000	24.300	0.147
207.000	2.000	23.630	0.133
208.000	2.000	24.870	0.171
209.000	2.000	23.450	0.145
210.000	2.000	25.150	0.172
211.000	2.000	31.320	0.338
212.000	2.000	30.370	0.336
213.000	2.000	24.650	0.161
214.000	2.000	24.030	0.170
215.000	2.000	25.420	0.198
216.000	2.000	24.120	0.153
217.000	2.000	22.940	0.142
218.000	2.000	26.450	0.224
219.000	2.000	19.200	0.092
220.000	2.000	24.910	0.163
221.000	2.000	24.540	0.123
222.000	2.000	18.740	0.077
223.000	2.000	14.190	0.029
224.000	2.000	16.000	0.047
225.000	2.000	21.620	0.126
226.000	2.000	26.690	0.201
227.000	2.000	29.130	0.342
228.000	2.000	23.240	0.147
229.000	2.000	28.830	0.271
230.000	2.000	24.350	0.175
231.000	2.000	22.390	0.162
232.000	2.000	20.050	0.086
233.000	2.000	17.260	0.059
234.000	2.000	19.290	0.072
235.000	2.000	23.300	0.140
236.000	2.000	23.130	0.151
237.000	2.000	17.230	0.059
238.000	2.000	16.410	0.056
239.000	2.000	16.760	0.061
240.000	2.000	15.200	0.039
241.000	2.000	17.110	0.063
242.000	2.000	19.060	0.089
243.000	2.000	15.750	0.045
244.000	2.000	16.430	0.048
245.000	4.000	30.250	0.274
246.000	4.000	23.050	0.110
247.000	4.000	26.890	0.171
248.000	4.000	19.380	0.060
249.000	4.000	23.760	0.094
250.000	4.000	23.610	0.117
251.000	4.000	24.360	0.127
252.000	4.000	27.410	0.198
253.000	4.000	29.010	0.250
254.000	4.000	26.450	0.209
255.000	4.000	24.890	0.166
256.000	4.000	25.360	0.148
257.000	4.000	22.500	0.091
258.000	4.000	22.760	0.115
259.000	4.000	27.090	0.158
260.000	4.000	24.130	0.152
261.000	4.000	25.510	0.147
262.000	4.000	23.680	0.131
263.000	4.000	24.910	0.132
264.000	4.000	22.900	0.129
265.000	4.000	23.200	0.136
266.000	4.000	11.670	0.015
267.000	4.000	10.210	0.011
268.000	4.000	9.930	0.009
269.000	4.000	9.950	0.009
270.000	4.000	19.780	0.095
271.000	4.000	8.160	0.004
272.000	4.000	9.020	0.007
273.000	4.000	8.150	0.006
274.000	4.000	7.460	0.004
275.000	4.000	7.550	0.004
276.000	4.000	7.130	0.003
277.000	4.000	5.990	0.002
278.000	4.000	5.660	0.002
279.000	4.000	5.820	0.002
280.000	4.000	10.380	0.010
281.000	4.000	25.010	0.143
282.000	4.000	25.660	0.159
283.000	4.000	24.090	0.120
284.000	4.000	12.320	0.019
285.000	4.000	11.660	0.017
286.000	4.000	11.060	0.015
287.000	4.000	12.120	0.018
288.000	4.000	13.850	0.026
289.000	4.000	11.690	0.017
290.000	4.000	11.470	0.014
291.000	4.000	10.010	0.011
292.000	4.000	9.990	0.010
293.000	4.000	14.210	0.032
294.000	4.000	13.920	0.027
295.000	4.000	14.710	0.031
296.000	4.000	13.970	0.025
297.000	4.000	14.330	0.028
298.000	4.000	12.890	0.024
299.000	4.000	12.880	0.021
300.000	4.000	13.770	0.025
301.000	4.000	9.350	0.009
302.000	4.000	12.850	0.023
303.000	4.000	13.130	0.019
304.000	4.000	11.420	0.015
305.000	4.000	12.170	0.015
306.000	4.000	10.240	0.012
307.000	4.000	12.260	0.015
308.000	4.000	12.360	0.020
309.000	4.000	12.360	0.019
310.000	4.000	10.310	0.013
311.000	4.000	11.900	0.014
312.000	4.000	12.010	0.017
313.000	4.000	12.250	0.016
314.000	4.000	12.360	0.019
315.000	4.000	12.560	0.019
316.000	4.000	12.250	0.019
317.000	4.000	11.840	0.016
318.000	4.000	12.360	0.020
319.000	4.000	12.860	0.022
320.000	4.000	12.150	0.018
321.000	4.000	15.530	0.041
322.000	4.000	13.010	0.021
323.000	4.000	14.690	0.031
324.000	4.000	14.650	0.030
325.000	4.000	14.890	0.032
326.000	4.000	14.610	0.031
327.000	4.000	13.870	0.031
328.000	4.000	13.560	0.025
329.000	4.000	13.720	0.027
330.000	4.000	14.150	0.027
331.000	4.000	13.550	0.030
332.000	4.000	14.470	0.035
333.000	4.000	23.150	0.107
334.000	4.000	22.120	0.108
335.000	4.000	13.750	0.026
336.000	4.000	13.480	0.028
337.000	4.000	14.410	0.030
338.000	4.000	15.020	0.037
339.000	4.000	13.440	0.026
340.000	4.000	12.800	0.020
341.000	4.000	13.080	0.023
342.000	4.000	13.990	0.024
343.000	4.000	13.400	0.028
344.000	4.000	14.870	0.035
345.000	4.000	12.950	0.021
346.000	4.000	12.790	0.024
347.000	4.000	13.920	0.029
348.000	4.000	14.240	0.030
349.000	4.000	15.250	0.035
350.000	4.000	14.520	0.034
351.000	4.000	13.970	0.027
352.000	4.000	12.550	0.022
353.000	4.000	13.430	0.029
354.000	4.000	14.100	0.032
355.000	4.000	12.840	0.022
356.000	4.000	12.980	0.022
357.000	4.000	13.590	0.028
358.000	4.000	13.930	0.027
359.000	4.000	14.990	0.033
360.000	4.000	10.610	0.012
361.000	4.000	8.410	0.007
362.000	4.000	14.160	0.031
363.000	4.000	13.750	0.024
364.000	4.000	13.030	0.021
365.000	4.000	11.020	0.014
366.000	4.000	10.080	0.010
367.000	4.000	9.500	0.009
368.000	4.000	11.210	0.016
369.000	4.000	11.430	0.015
370.000	4.000	15.400	0.029
371.000	4.000	10.190	0.011
372.000	4.000	10.430	0.010
373.000	4.000	10.500	0.010
374.000	4.000	11.450	0.013
375.000	4.000	10.690	0.012
376.000	4.000	11.300	0.014
377.000	4.000	10.970	0.011
378.000	4.000	7.700	0.004
379.000	4.000	13.360	0.022
380.000	4.000	12.910	0.017
381.000	4.000	12.840	0.024
382.000	4.000	12.620	0.016
383.000	4.000	13.350	0.021
384.000	4.000	11.840	0.017
385.000	4.000	11.630	0.014
386.000	4.000	11.710	0.014
387.000	4.000	12.130	0.017
388.000	4.000	8.600	0.006
389.000	4.000	9.300	0.007
390.000	4.000	14.210	0.026
391.000	4.000	13.840	0.028
392.000	4.000	13.580	0.025
393.000	4.000	13.900	0.027
394.000	4.000	13.840	0.023
395.000	4.000	13.900	0.023
396.000	4.000	13.900	0.026
397.000	4.000	13.780	0.023
398.000	4.000	13.530	0.020
