Period	Decade	AxisYear	Year	Month	SST_22_24	SST_24_26	SST_26_28	SST_28_30	SST_30_32	SST_32_34	SST_34_36	SST_36_38	SST_38_40	SST_40_42	SST_42_44	SST_44_46	SST_46_48	SST_Bight
1	40	1946	1946	1	21.37	20.25	17.15	16.06	15.63	13.64	13.75	12.83	12.55	10.87	10.63	10.34	9.43	14.17
2	40	1946.0833	1946	2	21.03	18.99	16.24	15.29	14.09	13.68	12.26	11.8	10.96	11.1	9.27	9.25	8.35	13.49
3	40	1946.167	1946	3	19.23	17.25	15.53	14.97	15.12	12.31	11.4	11.19	11.21	10	10	9.4	NA	13.32
4	40	1946.25	1946	4	20.97	16.59	15.36	15.2	14.78	13.6	12.47	12.59	11.21	NA	9.78	9.17	NA	15.31
5	40	1946.3333	1946	5	19.96	17.22	16.27	15.25	15.38	14.34	13.6	13.01	10.87	9.8	9.9	9.77	9.35	15.79
6	40	1946.417	1946	6	23.97	18.77	19.26	17.8	19.17	NA	NA	13.24	13.43	10.35	12.1	13.3	12.05	17.57
7	40	1946.5	1946	7	25.04	21.9	19.8	18.38	20	17.5	16.3	15.73	14.76	14.58	15.73	16.98	15.98	20.31
8	40	1946.5833	1946	8	NA	NA	NA	NA	NA	18.6	17.8	15.68	16.13	NA	NA	NA	NA	21.48
9	40	1946.667	1946	9	28.9	28.9	24.83	NA	19.4	17.68	NA	14.44	15.01	16.87	NA	15.6	NA	20.29
10	40	1946.75	1946	10	25.9	23.7	22	21.65	18.7	17.99	14.87	14.12	13.29	13.96	10.73	11.1	12.47	19.05
11	40	1946.8333	1946	11	24.4	22.08	20	19.6	17.23	14.88	13.3	10.68	NA	8.9	10	8.9	NA	16.18
12	40	1946.917	1946	12	22.66	20.66	19.32	17.6	16.44	14.35	13.44	12.41	11.38	11.13	10.2	10.37	9.07	14.6
13	40	1947	1947	1	21.83	19.07	16.7	16.26	15.6	14.15	13.75	12.23	12.46	10.59	9.8	8.92	8.12	14.75
14	40	1947.0833	1947	2	20.76	18.38	16.8	15.57	14.71	14.49	12.8	12.21	10	10.06	9.5	8.67	8.25	14.48
15	40	1947.167	1947	3	19.38	17.56	15.9	15.6	12.8	15.31	14.4	12.14	NA	11	9.75	8.62	8.08	15.14
16	40	1947.25	1947	4	18.37	16.93	16.76	16.38	17.25	16.51	12.8	12.53	11.13	12.5	NA	11.1	11.1	15.71
17	40	1947.3333	1947	5	19.72	17.4	16.38	15.27	15.43	15.48	13.7	12.54	11.58	10.94	10.67	13.24	11.51	15.61
18	40	1947.417	1947	6	19.81	18.61	17.84	17.71	16.91	16.9	14.07	13.59	13.72	12.8	13.98	16.05	15.47	17.82
19	40	1947.5	1947	7	24.26	24	19.06	19.35	18.3	16	14.12	14.01	13.82	15.97	15.9	17.12	16.34	18.85
20	40	1947.5833	1947	8	26.54	23.78	20.62	20.51	19.77	18.33	14.94	15.18	14.36	13.3	16.41	17.47	16.63	19.7
21	40	1947.667	1947	9	26.8	23.99	21.35	20.51	19.69	18.89	16.79	16.04	14.96	13.61	12.76	12.79	15.12	19.81
22	40	1947.75	1947	10	24.77	23.31	20.46	19.6	19.15	18.25	15.89	15.59	14.66	12.12	13.87	12.98	12.73	19.05
23	40	1947.8333	1947	11	21.13	21	19.22	18.58	17.65	16.35	15.04	11.94	11.18	13.2	12.4	12.5	13.3	16.88
24	40	1947.917	1947	12	22.07	19.83	18.48	16.12	15.96	13.9	12.91	12.8	10.91	10.7	10.67	10.75	9.67	14.14
25	40	1948	1948	1	20.78	19.85	17.05	14.84	14.84	13.55	12.56	12.29	11.25	10.63	10.4	9.36	8.49	14.32
26	40	1948.0833	1948	2	20.13	18.58	16.74	15.39	14.7	NA	12.27	11.86	11.71	9.91	8.8	8.9	7.88	13.89
27	40	1948.167	1948	3	18.68	16.94	15.82	15.23	14.46	13.21	12.22	11.66	11.44	9.66	9.41	8.81	8.53	14.02
28	40	1948.25	1948	4	19.91	17.02	16.14	15.26	14.82	14.34	13.89	11.88	11.38	10.26	10.11	9.85	9.18	14.87
29	40	1948.3333	1948	5	18.78	17.13	16.03	16.45	15.66	15.11	12.5	13.14	12.71	11.32	11.5	10.81	11.95	16.08
30	40	1948.417	1948	6	20.08	19.01	17.5	17.49	16.94	15.34	14.21	14.45	14.06	13.28	13.73	14.68	14.43	16.53
31	40	1948.5	1948	7	24.36	22.58	19.28	18.31	17.3	16.54	15.78	15.08	13.84	12.95	13.03	15.74	15	16.55
32	40	1948.5833	1948	8	28.7	24.76	20.41	18.45	17.96	17.05	15.8	16.33	15.53	13.47	16.14	16.16	16.52	17.75
33	40	1948.667	1948	9	27.8	25.36	21.31	19.05	18.47	17.28	15.77	15.69	15.47	14.91	13.68	15.71	15	18.11
34	40	1948.75	1948	10	26.24	24.18	21.07	19.37	18.42	17.26	15.49	14.67	14.02	12.73	12.43	13.42	12.31	17.98
35	40	1948.8333	1948	11	24.31	22.85	18.6	19.1	17.65	16.06	14.75	13.19	13.15	12.07	11.36	9.61	10.72	17.39
36	40	1948.917	1948	12	23.88	21.72	19.38	17.79	16.35	14.49	12.9	11.64	11.72	10.13	10.04	8.53	8.1	14.53
37	40	1949	1949	1	21.55	18.6	16.78	15.49	14.45	12.61	12.47	10.95	10.54	9.76	9.16	8.26	7.89	13.33
38	40	1949.0833	1949	2	19.94	17.95	15.85	14.85	13.92	13.51	12.12	10.71	10.3	9.35	8.71	8.01	7.56	13.56
39	40	1949.167	1949	3	19.28	16.81	15.32	14.73	14.6	13.41	12.31	11.56	10.7	10.54	9.97	9.01	8.18	14.07
40	40	1949.25	1949	4	18.72	17.03	16.04	15.6	15.26	12.92	12.61	11.58	11.11	10.2	10.23	9.89	9.06	14.76
41	40	1949.3333	1949	5	18.21	17.1	16.48	16.15	16.48	14.22	13.15	12.63	12.34	11.82	11.38	11	11.4	16.25
42	40	1949.417	1949	6	19.73	18.99	18.12	17.64	17.42	15.36	14.15	13.77	12.31	11.31	11.51	13.67	13.2	17.54
43	40	1949.5	1949	7	23.94	21.23	19.29	19.02	18.44	16.77	15.05	13.79	11.87	11.42	12.79	14.11	14.09	18.61
44	40	1949.5833	1949	8	27.01	22.79	20.32	20.11	19.31	16.54	14.83	15.4	14.65	15.1	15.37	15.59	16.81	19.3
45	40	1949.667	1949	9	25.96	23.46	21.48	20.81	19.61	17.62	15.74	16.06	15.3	14.16	14.61	16.24	15.46	19.65
46	40	1949.75	1949	10	25.68	23.02	20.49	19.17	18.16	17.1	14.66	14.28	13.88	11.75	12.82	13.75	13.21	18.71
47	40	1949.8333	1949	11	24.82	22.39	19.92	18.52	17.67	16.26	15	14.22	13.41	12.89	12.34	12.04	12.04	17.02
48	40	1949.917	1949	12	22.27	20.67	18.82	17.16	16.49	14.4	13.91	13.28	12.7	12.25	11.86	11.24	10.44	16.16
49	50	1950	1950	1	20.98	18.92	16.83	15.62	14.53	13.45	11.8	11.5	10.66	10.72	8.99	8.68	8.33	13.36
50	50	1950.0833	1950	2	20.24	17.5	16.03	15.1	14.14	13.12	11.85	11.54	11.32	9.87	8.61	8.29	7.5	13.29
51	50	1950.167	1950	3	18.6	16.89	15.45	15.38	14.22	13.42	12.03	11.64	11.04	9.95	9.07	8.47	7.54	13.66
52	50	1950.25	1950	4	19.51	17.24	16.06	15.8	15	13.41	11.48	11.01	11.13	10.57	9.38	9	8.3	14.79
53	50	1950.3333	1950	5	18.97	16.3	15.76	15.86	15.06	13.73	12.17	11.25	10.86	10.27	10.1	10.05	9.95	14.74
54	50	1950.417	1950	6	20.91	17.22	16.51	16.56	15.96	14.31	13.09	12.88	12.57	11.99	12.59	12.57	12.03	16.16
55	50	1950.5	1950	7	23.38	20.53	19.13	18.95	18.27	16.12	15.06	13.96	13.09	11.86	12.18	13.84	14.31	17.92
56	50	1950.5833	1950	8	26.91	23.11	19.89	19.08	18.26	16.74	16.13	14.69	14	13.66	14.37	16.23	16.99	18.57
57	50	1950.667	1950	9	26.74	23.48	20.27	19.27	19.11	17.92	16.12	14.99	14.16	14.29	15.01	13.55	14.9	18.71
58	50	1950.75	1950	10	27.02	24.39	20.7	19.71	18.76	16.93	14.6	15.52	14.08	12.91	12.8	13.88	14.45	18.45
59	50	1950.8333	1950	11	24.77	23.1	19.83	18.22	17.53	16.43	15.29	15.11	14.1	13	12.76	12.04	11.53	17.53
60	50	1950.917	1950	12	24.69	23.06	20.14	18	17.08	16.76	14.81	14.64	13.52	12.9	12.1	11.64	10.47	16.83
61	50	1951	1951	1	22.07	19.15	17.36	15.82	15.25	13.89	12.68	13.15	11.61	12.08	11.49	9.45	8.97	14.19
62	50	1951.0833	1951	2	20.81	18.31	16.72	15.49	15.31	13.88	13.08	12.77	12.39	10.73	10.54	9.78	9.17	14.72
63	50	1951.167	1951	3	19.38	17.15	16.4	15.31	14.55	13.74	12.66	11.61	11.63	9.88	9.62	8.97	7.93	14.95
64	50	1951.25	1951	4	18.49	17.13	16.14	15.9	15.39	14.32	13.12	11.86	11.48	10.83	9.81	10.05	9.68	15.35
65	50	1951.3333	1951	5	18.69	16.11	16.12	15.69	15.35	14.25	13.41	12.8	11.99	11.65	11.65	12.39	11.61	15.01
66	50	1951.417	1951	6	20	16.86	16.93	16.76	16.47	15.49	14.13	12.96	12.19	9.89	10.67	12.96	12.92	16.1
67	50	1951.5	1951	7	24.67	21.84	19.1	18.1	17.52	16.33	14.46	13.99	12.78	12.51	11.93	14.57	14.22	17.65
68	50	1951.5833	1951	8	27.74	25.23	21.98	19.6	18.59	16.31	14.95	14.12	12.76	12.25	13.56	16.4	16.23	18.14
69	50	1951.667	1951	9	27.67	25.85	23.61	19.79	18.33	16.62	16.17	14.81	15.04	11.36	13.39	15.08	14.36	17.95
70	50	1951.75	1951	10	28.73	26.72	23.83	20.53	18.69	17.66	16.74	15.21	15.18	14.09	14.44	14.83	14.35	18.4
71	50	1951.8333	1951	11	27.13	25.4	22.12	19.82	18.39	17.24	15.58	14.67	13.73	12.54	12.51	12.23	11.37	17.37
72	50	1951.917	1951	12	25.05	23.33	20.06	17.87	16.31	14.67	14.53	13.45	12.41	12.94	11.05	10.13	9.44	15.61
73	50	1952	1952	1	23.54	21.12	18.14	16.51	15.23	13.36	13.05	12.31	11.55	10.91	9.58	9.2	8.04	14.6
74	50	1952.0833	1952	2	22.01	19.91	16.96	15.94	15.11	14	12.78	12.18	11.56	11.11	10.03	9.35	7.93	15.14
75	50	1952.167	1952	3	20.72	18.53	16.54	15.15	14.62	13.34	12.38	11.62	10.7	10.37	9.88	9.22	8.15	14.45
76	50	1952.25	1952	4	19.97	17.67	16.09	15.58	15.42	13.32	12.44	11.59	10.77	9.99	9.92	9.49	9.17	15.64
77	50	1952.3333	1952	5	19.15	17.62	16.34	15.91	15.71	14.27	13.48	12.07	11.79	11.69	11.56	10.84	11.2	16.28
78	50	1952.417	1952	6	19.93	17.92	16.81	16.67	16.36	14.63	14.14	13.52	12.7	11.36	12.42	14	13.2	16.25
79	50	1952.5	1952	7	24.17	21.32	18.32	17.76	17.53	16.06	14.46	14.45	13.35	12.63	12.39	14.61	13.65	17.05
80	50	1952.5833	1952	8	26.71	23.91	20.52	19.01	18.69	16.89	14.62	14.01	14.98	13.48	14.45	14.53	15.68	18.18
81	50	1952.667	1952	9	27.07	24.75	21.88	20.07	18.7	16.56	15.53	14.98	15.27	13.24	13.67	14.58	15.14	18.12
82	50	1952.75	1952	10	28.13	25.96	22.2	19.16	18.18	17.01	15.4	15.01	14.88	12.68	12.26	13.18	15.04	17.69
83	50	1952.8333	1952	11	26.07	23.57	20.51	18.35	17.44	16.33	14.69	14.02	13.19	12.39	12.04	12.08	11.83	16.79
84	50	1952.917	1952	12	23.44	20.81	18.03	16.53	16.04	14.99	14.02	13.58	12.28	12.08	11.27	10.63	10.47	16.31
85	50	1953	1953	1	22.26	20.14	17.68	15.9	15.47	13.6	13.66	13.09	12.25	11.77	11.11	10.54	9.79	14.77
86	50	1953.0833	1953	2	21.09	19.01	17.23	15.94	15.15	12.79	12.34	12.23	11.21	10.64	10.39	10.14	9.22	14.52
87	50	1953.167	1953	3	20.54	18.07	16.11	15.14	14.68	13.23	12.61	11.46	11.08	10.01	10.22	9.64	9.29	14.24
88	50	1953.25	1953	4	19.42	17.09	15.78	15.03	14.72	12.61	11.68	11.41	11	10.97	11.23	10.59	10	13.9
89	50	1953.3333	1953	5	20.1	17.58	16.08	15.49	15.26	13.26	12.79	12.29	12.52	12.22	11.95	11.47	10.59	14.97
90	50	1953.417	1953	6	19.73	17.22	15.56	15.8	15.94	14.01	13.65	13.08	12.54	12.18	13.02	13.51	13.04	16.7
91	50	1953.5	1953	7	23.91	21.22	19.32	18.44	17.92	15.9	14.43	13.67	13.42	12.36	13.87	15.6	14.22	18.27
92	50	1953.5833	1953	8	26.6	22.79	19.51	18.55	18.3	16.44	15.47	15.37	15.65	14.33	14.46	15.99	16.09	18.86
93	50	1953.667	1953	9	28.1	25.32	20.95	19.46	19.76	17.33	16.94	16.7	16.75	14.66	15.59	16.45	16.87	19.51
94	50	1953.75	1953	10	27.49	25.38	22.58	19.66	18.75	16.21	15.28	15.32	15.66	13.34	14.95	15.25	13.62	18.83
95	50	1953.8333	1953	11	25.97	24.28	21.96	19.16	18.56	15.77	15.48	13.99	14.33	13.05	12.78	13.34	12.56	17.5
96	50	1953.917	1953	12	23.55	21.91	20.22	17.35	16.67	13.81	13.39	12.57	13.29	12.11	12.35	11.53	10.97	15.9
97	50	1954	1954	1	21.14	19.93	17.97	16.32	14.57	13.61	13.61	12.39	11.94	11.79	10.63	10.55	9.85	14.34
98	50	1954.0833	1954	2	20.7	19.39	17.57	16.12	14.62	13.65	13.27	12.11	11.84	11.6	10.53	9.56	9.08	14.64
99	50	1954.167	1954	3	20.48	18.45	16.78	15.9	14.86	13.99	13.38	12.27	11.58	10.95	10.24	9.77	8.8	14.48
100	50	1954.25	1954	4	19.62	17.26	15.74	15.8	15.05	13.73	12.99	12.78	11.65	10.72	10.29	10	9.11	15.22
101	50	1954.3333	1954	5	19.82	17.58	16.75	16.46	16.06	14.03	13.13	12.56	11.83	10.78	10.59	10.77	10.58	15.66
102	50	1954.417	1954	6	19.83	17.79	17.22	17.09	17.07	14.61	13.46	12.76	13.04	12.88	13.07	13.55	13.26	16.99
103	50	1954.5	1954	7	23.35	20.97	19.19	18.75	18.61	16.06	15.54	14.42	13.23	12.08	12.93	14.95	14.33	19.35
104	50	1954.5833	1954	8	26.68	23.87	21.23	20.79	19.64	17.32	15.66	14.96	13.83	13.68	13.98	15.91	15.47	20.14
105	50	1954.667	1954	9	27.68	25.16	21.55	20.22	19.56	16.78	15.88	15.78	15.45	14.41	15.53	16.69	16.73	19.48
106	50	1954.75	1954	10	25.38	23.24	20.43	18.74	18.29	16.41	15.34	14.85	14.8	13.7	13.26	14.46	13.47	18.05
107	50	1954.8333	1954	11	24.5	22.09	19.85	18.23	17.93	17.32	15.31	14.58	14.15	13.71	13.53	13.17	12.79	17.11
108	50	1954.917	1954	12	23.86	21.84	19.07	17.49	16.49	15.45	14.02	13.85	12.78	12.6	12.2	12.09	11.01	16.34
109	50	1955	1955	1	20.73	18.38	17.1	15.87	14.83	13.69	12.86	12.27	11.64	10.85	10.53	9.94	9.41	14.13
110	50	1955.0833	1955	2	19.64	17.74	16.04	15.09	14.52	12.83	12.48	11.57	11.46	10.17	9.82	10.44	9.28	13.95
111	50	1955.167	1955	3	18.99	17.39	15.97	15.52	15.02	13.4	12.34	11.5	10.97	9.92	9.38	8.88	8.74	14.77
112	50	1955.25	1955	4	18.78	17.07	16.18	15.65	15.19	13.34	11.87	11.52	10.84	9.89	9.47	9.23	8.94	15.16
113	50	1955.3333	1955	5	18.5	16.66	16.18	16.12	15.93	14.3	13.15	11.76	10.99	9.62	10.34	9.75	9.6	15.91
114	50	1955.417	1955	6	18.65	17.25	16.77	16.69	16.15	14.49	13.28	12.83	11.68	11.52	11.59	12.48	11.66	17.23
115	50	1955.5	1955	7	22.09	19.12	17.55	17.38	17.01	14.67	13.76	12.92	13.03	11.93	14.42	15.57	14.63	18.29
116	50	1955.5833	1955	8	25.62	22.89	20.52	19.69	19.24	16.19	14.17	13.42	12.62	11.9	14.3	15.78	16.83	19.93
117	50	1955.667	1955	9	27.48	25.36	22.57	21.15	19.81	15.78	15.38	14.47	14.46	11.9	12.39	14.45	16.1	18.74
118	50	1955.75	1955	10	24.18	21.19	19.46	18.28	17.61	15.64	14.69	14.21	14.71	12.54	12.52	14.11	13.24	17.62
119	50	1955.8333	1955	11	24.18	20.9	18.89	17.63	17.04	15.24	13.45	12.94	12.97	11.85	11.52	11.1	10.53	16.41
120	50	1955.917	1955	12	22.23	19.74	17.3	15.97	15.58	13.67	13.07	13.03	13.2	11.69	10.81	9.75	9.11	14.77
121	50	1956	1956	1	20.74	18.66	16.65	15.37	14.5	13.91	13.28	12.42	12.18	11.17	10.63	10.38	8.89	13.65
122	50	1956.0833	1956	2	19.05	17.03	16.02	14.69	13.88	13.56	12.58	11.61	11.28	10.11	10.07	9.24	8.59	13.54
123	50	1956.167	1956	3	19.04	17.01	15.84	14.8	14.08	12.81	11.57	11.39	11.02	10.08	9.76	8.99	7.61	13.79
124	50	1956.25	1956	4	17.77	16.44	15.75	15.51	14.78	12.68	11.94	11.38	11.19	10.9	9.49	9.48	9.79	14.06
125	50	1956.3333	1956	5	19.58	17.31	16.81	16.29	15.99	14.23	13.41	13.02	11.72	11.38	11.93	12.28	12.47	15.44
126	50	1956.417	1956	6	20.33	18.33	17.44	16.89	16.41	13.05	12.98	12.04	12.45	11.67	12.61	13.83	12.65	14.84
127	50	1956.5	1956	7	27.18	23.19	20.15	18.75	18.12	16.08	14.44	13.68	13.64	12.91	13.86	15.05	15.25	18.41
128	50	1956.5833	1956	8	28.98	26.25	22.63	19.8	19.54	16.27	15.24	14.91	15.27	13.99	14.56	15.4	16.02	19.65
129	50	1956.667	1956	9	29.2	27.69	24.76	21.05	19.27	17.78	16.58	16.18	15.77	14.93	12.63	15.04	15.81	19.04
130	50	1956.75	1956	10	28.03	26	22.22	20.12	19.05	17.21	15.81	15.7	15.92	13.51	12.78	14.4	13.85	18.37
131	50	1956.8333	1956	11	26	23.86	20.82	18.62	17.53	14.85	14.32	13.5	13.89	12.65	12.56	12.43	11.86	15.9
132	50	1956.917	1956	12	23.73	22.69	20.52	18.22	16.84	14.36	13.79	12.92	13.15	11.02	10.15	10.42	9.66	15.74
133	50	1957	1957	1	22.16	20.94	19.05	17.18	16.13	14.49	12.95	12.75	11.84	11.43	10.47	9	8.57	15.63
134	50	1957.0833	1957	2	21.36	19.59	18.14	16.48	15.73	13.3	12.43	12.21	11.17	9.84	9.65	8.48	7.32	15.08
135	50	1957.167	1957	3	20.11	18.39	17.2	15.89	15.41	13.7	12.85	12.88	11.29	10.82	10.38	9.62	8.7	15.22
136	50	1957.25	1957	4	19.63	17.55	16.63	16.2	15.72	13.99	13.45	12.63	11.84	10.78	10.89	9.93	9.16	16.1
137	50	1957.3333	1957	5	19.55	17.83	17.17	16.99	16.64	15.7	14.45	14.21	12.75	12.48	12.56	12.56	12.24	17.2
138	50	1957.417	1957	6	21.24	18.75	18.23	18.06	17.66	15.52	15.02	14.86	13.17	13.44	13.23	15.47	14.87	17.73
139	50	1957.5	1957	7	25.27	22.96	20.45	20.01	19.59	17.43	16.01	14.85	14.87	13.19	15.07	16.37	15.76	20.08
140	50	1957.5833	1957	8	28.31	26.05	23.52	21.79	20.99	18.11	16.2	15.84	15.57	14.73	14.09	17.65	17.03	20.61
141	50	1957.667	1957	9	29.18	26.34	22.77	20.91	19.97	19.21	17.55	17.39	17.52	15.89	14.94	16.98	17.42	20.37
142	50	1957.75	1957	10	26.76	24.37	22.09	20.35	19.61	18.09	17.17	17.26	16.49	16.1	15.4	15.18	14.67	18.73
143	50	1957.8333	1957	11	25.67	23.48	21.49	19.49	18.43	16.09	15.69	15.61	14.75	12.69	12.55	12.78	13.16	17.51
144	50	1957.917	1957	12	24.71	23.23	21.43	19.01	17.5	16.16	15.55	14.69	13.73	12.1	11.36	11.57	10.83	16.95
145	50	1958	1958	1	23.58	21.93	20.08	18.16	17	15.45	14.32	14.05	13.57	12.53	12.4	11.6	8.98	16.92
146	50	1958.0833	1958	2	22.99	21.31	19.42	17.64	16.84	15.71	15.09	14.08	12.76	12.4	11.96	10.7	10.27	16.7
147	50	1958.167	1958	3	21.96	19.89	18.11	17.09	16.39	15.29	14.17	13.6	12.47	11.94	11.7	10.92	10.1	15.9
148	50	1958.25	1958	4	21.67	19.74	18.22	17.49	17.02	15.01	13.94	13.25	12.12	11.84	11.7	11.08	10.2	16.69
149	50	1958.3333	1958	5	21.87	19.54	18.38	17.93	17.54	15.21	14.39	14.35	14.26	13.75	13.7	13.24	12.82	16.98
150	50	1958.417	1958	6	23.43	20.31	18.53	18.12	17.99	17.07	16.92	17.07	16.97	15.11	15.39	16.63	15.66	18.23
151	50	1958.5	1958	7	26.32	23.36	20.59	19.21	18.54	16.79	16.08	16.27	14.93	13.93	14.44	16.09	15.9	18.77
152	50	1958.5833	1958	8	27.99	25.42	22.63	20.95	20.43	18.9	17.85	17.1	15.44	13.88	13.93	16.14	17.15	21.21
153	50	1958.667	1958	9	28.89	26.55	23.41	21.71	21.02	19.05	17.43	16.95	16.14	13.97	15.13	14.86	15.07	20.83
154	50	1958.75	1958	10	28.1	26.63	24.66	22.06	20.94	18.46	16.8	16.16	15.48	13.44	13.19	13.73	13.95	21.21
155	50	1958.8333	1958	11	26.15	24.29	21.94	20.67	19.22	16.42	15.34	15.71	15.64	13.86	13.71	12.63	11.91	18.64
156	50	1958.917	1958	12	25.18	23.5	21.5	19.47	18.28	16.35	15.93	14.94	14.3	13.13	12.11	11.93	10.95	17.39
157	50	1959	1959	1	23.22	21.62	19.45	18.05	17.14	15.56	14.55	14.25	13.09	12.2	11.68	11.31	9.79	16.24
158	50	1959.0833	1959	2	22.13	20.78	18.79	17.47	16.47	14.83	14.21	13.75	12.85	11.69	11.32	11.25	9.25	15.9
159	50	1959.167	1959	3	22.41	20.25	18.38	17.35	16.93	15.47	14.38	13.55	12.26	11.53	11.26	10.83	9.78	15.99
160	50	1959.25	1959	4	21.65	19.34	17.62	17.47	16.89	15.15	13.9	12.97	11.95	11.29	11.04	11.27	10.11	16.78
161	50	1959.3333	1959	5	20.6	18.77	17.87	17.53	17.22	15.32	13.86	13.08	12.48	12.25	12.04	12.33	12.02	17.2
162	50	1959.417	1959	6	22.16	19.65	18.43	17.86	17.6	15.36	14.05	13.93	14.06	13.02	14.15	14.19	14.57	18.84
163	50	1959.5	1959	7	25.89	23.41	21.72	20.58	19.87	17.45	16.17	15.73	15.74	13.49	14.76	16.04	16.23	20.32
164	50	1959.5833	1959	8	27.5	25.7	22.72	21.68	21.04	18.59	16.71	16.21	14.94	13.98	14.12	15.67	17.11	21.16
165	50	1959.667	1959	9	28.32	26.69	23.46	21.6	20.84	18.72	17.41	17.31	16.29	15.13	14.73	14.35	16.03	20.62
166	50	1959.75	1959	10	27.3	25.88	23.23	20.98	20.05	18.46	17.03	16.39	15.35	14.7	14.13	13.87	14.46	20.23
167	50	1959.8333	1959	11	25.99	24.02	21.67	19.86	19.19	17.13	15.94	15.09	14.48	14.12	12.46	12.74	11.39	18.81
168	50	1959.917	1959	12	24.83	22.91	21.08	19.15	18.13	16.3	15.58	14.28	14.07	12.4	11.62	11.18	10.36	17.92
169	60	1960	1960	1	21.83	20.44	18.83	16.94	16.43	14.58	13.53	12.54	12.36	11.78	11.14	10.2	9.81	15.31
170	60	1960.0833	1960	2	20.12	18.22	17.04	16.2	15.29	14.46	13.3	12.77	12.48	11.75	10.61	9.78	9.54	14.72
171	60	1960.167	1960	3	20.24	18.12	16.82	15.99	15.66	14.37	13.27	12.67	12.04	11.14	10.47	9.96	9.41	15.19
172	60	1960.25	1960	4	19.7	17.86	16.8	16.32	15.96	14.31	12.74	12.91	11.82	11.95	11.09	10.7	9.99	15.7
173	60	1960.3333	1960	5	19.31	17.86	17.51	17	16.43	14.03	12.65	13.36	12.99	12.18	11.41	11.46	11.72	16.8
174	60	1960.417	1960	6	19.72	18.52	17.93	17.38	17	15.76	14.42	13.91	12.98	11.75	12.36	13.76	13.57	17.04
175	60	1960.5	1960	7	23.97	22.32	20.74	19.58	19.04	16.55	15.12	14.62	14.47	12.65	13.24	14.99	14.76	19.2
176	60	1960.5833	1960	8	25.96	23.35	21.71	20.52	20.1	17.06	16	15.33	14.56	14.24	14.59	15.67	15.25	20.18
177	60	1960.667	1960	9	28.2	26.04	23.64	22.02	21.02	17.91	15.95	15.98	14.91	13.11	14.03	15.1	14.74	20.26
178	60	1960.75	1960	10	27.14	24.63	22.16	20.22	19.29	17.42	15.4	15.31	14.79	13.31	13.17	13.33	13.12	18.52
179	60	1960.8333	1960	11	25.08	22.4	20.3	18.6	17.89	15.63	14.94	13.97	13.86	13.03	12.88	12.3	12.05	17.24
180	60	1960.917	1960	12	23.95	21.29	18.41	17.09	16.27	14.91	14.31	13.71	13.4	12.27	11.51	11.19	10.33	16.22
181	60	1961	1961	1	22.39	20.83	18.7	17.14	16.19	15.12	13.99	13.19	12.99	11.9	11.17	10.51	9.91	15.74
182	60	1961.0833	1961	2	21.09	19.41	17.66	16.65	16.02	14.58	13.86	13.36	13.04	12.11	11.3	10.83	9.95	15.85
183	60	1961.167	1961	3	20.13	18.06	16.63	16	15.63	14.17	13.34	12.7	12.59	11.89	11.04	10.01	9.74	15.34
184	60	1961.25	1961	4	19.74	17.57	16.46	16.16	15.73	14.31	12.77	12.68	12.03	10.99	10.6	10.33	9.62	15.3
185	60	1961.3333	1961	5	19.66	17.19	15.93	15.82	15.05	13.27	13.57	12.99	12.84	12.2	11.9	11.66	11.87	15.21
186	60	1961.417	1961	6	20.33	17.68	16.66	16.4	16.18	15.19	14.3	14.43	13.57	13.21	13.13	14.11	14.13	16.44
187	60	1961.5	1961	7	24.18	21.64	20.03	19.45	18.57	16.96	15.21	15	14.48	15.23	15.4	15.74	16.52	19.08
188	60	1961.5833	1961	8	27.52	24.43	21.3	19.95	19.55	16.97	16.38	15.78	15.58	15.29	15.55	16.26	15.94	19.96
189	60	1961.667	1961	9	28.17	25.16	22.62	20.63	19.95	18.45	16.32	15.97	15.57	13.77	13.32	14.25	14.95	19.56
190	60	1961.75	1961	10	27.23	24.55	21.68	19.69	18.61	17.5	15.92	15.13	13.38	12.79	13.67	12.29	13.72	18.77
191	60	1961.8333	1961	11	24.35	21.5	19.14	18.11	17.11	15.52	14.63	13.94	12.43	11.82	11.54	11.05	10.55	16.23
192	60	1961.917	1961	12	22.59	20.14	17.93	16.48	15.71	14.71	13.65	13.11	13.11	12.1	10.55	10.3	9.14	15.06
193	60	1962	1962	1	21.65	19.92	17.67	16.27	15.05	14.1	12.82	12.52	12.05	10.89	9.87	9.41	9.02	14.22
194	60	1962.0833	1962	2	20.81	18.9	17.14	16.05	14.99	14.22	12.62	12.16	11.49	11.02	10.08	9.29	8.5	14.24
195	60	1962.167	1962	3	18.74	17.13	15.87	15.25	14.49	13.36	12.32	12.04	11.71	10.89	9.73	9.59	8.68	14.04
196	60	1962.25	1962	4	19.34	17.28	16.09	15.58	15.13	13.43	12.49	12.27	12.12	11.33	10.78	9.61	9.12	14.57
197	60	1962.3333	1962	5	19.01	17.07	15.99	15.87	15.59	14.44	13.24	12.82	12.64	11.9	11.74	11.25	10.91	15.26
198	60	1962.417	1962	6	19.71	17.35	16.42	16.2	15.82	14.39	13.55	12.99	12.62	11.41	11.53	13.1	12.16	15.87
199	60	1962.5	1962	7	23.57	20.38	18.41	17.67	17.21	15.51	14.36	13.53	13.3	12.12	12.87	13.57	14.32	18.44
200	60	1962.5833	1962	8	27.39	24.42	20.58	18.78	18.46	17.32	14.87	15.38	14.6	14.3	13.74	15.7	15.29	18.63
201	60	1962.667	1962	9	26.67	25.02	21.59	19.29	18.92	16.71	15.49	15.45	15.3	14.36	13.93	15.76	15.05	18.06
202	60	1962.75	1962	10	26.88	25.05	21.99	19.22	18.29	16.73	15.69	15.38	15.84	13.56	13.77	13.78	13.28	17.31
203	60	1962.8333	1962	11	26.4	24.31	21.51	18.38	17.46	16.59	13.95	14.77	14.84	13.71	12.68	12.89	12.59	16.51
204	60	1962.917	1962	12	24.09	22.49	20.36	17.36	15.98	15.37	14.09	14.27	14.12	13.55	11.69	11.69	10.91	15.21
205	60	1963	1963	1	22.11	20.61	18.75	17	15.83	14.08	13.55	13.3	12.72	11.69	10.59	10.35	9.68	14.38
206	60	1963.0833	1963	2	21	19.28	17.75	16.37	15.52	14.77	13.94	13.59	12.93	12.11	11.19	10.77	10.03	14.71
207	60	1963.167	1963	3	20	18.23	16.72	16.09	15.47	13.65	13.61	12.73	12.19	11.49	10.81	10.04	9.37	14.65
208	60	1963.25	1963	4	19.83	18.01	16.62	16.06	15.77	14.38	13.65	12.98	12.44	11.52	10.71	10.35	10.11	14.76
209	60	1963.3333	1963	5	19.99	17.92	16.78	16.79	16.39	14.83	14.01	13.57	13.33	12.15	12.39	13.1	13.02	16.63
210	60	1963.417	1963	6	20.54	18.49	17.4	17.26	17	15.76	14.04	13.51	12.8	13.14	13.09	13.99	13.6	17.38
211	60	1963.5	1963	7	26.16	22.25	19.17	18.32	17.92	16.75	15.07	15.06	14.67	15.11	15.57	16.12	15.55	18.5
212	60	1963.5833	1963	8	28.52	25.06	21.77	21.28	19.82	17.43	16.23	15.71	15.49	14.88	15.11	14.9	15.09	19.57
213	60	1963.667	1963	9	29.5	27.44	23.76	22.03	20.82	18.46	17.45	16.98	16.92	15.6	16.36	17.28	16.63	20.7
214	60	1963.75	1963	10	28.63	26.91	23.67	21.73	20.94	18.76	17.56	17.54	17.43	16.52	16.01	16.47	15.21	20.86
215	60	1963.8333	1963	11	26.32	24.41	22.01	19.92	19.18	17.95	16.31	15.18	15.38	14.08	13.41	12.36	11.7	18.94
216	60	1963.917	1963	12	24.44	22.74	20.42	18.92	17.9	16.98	14.22	14.14	13.53	13.01	12.1	11.53	10.81	17.22
217	60	1964	1964	1	22.37	20.79	18.87	17.51	16.58	14.38	13.64	12.94	12.43	11.42	11.29	11.11	9.58	16.05
218	60	1964.0833	1964	2	20.86	19.21	17.11	16.26	15.95	14.51	13.63	12.53	11.48	10.72	10.36	9.73	8.84	15.69
219	60	1964.167	1964	3	19.19	17.72	16.36	15.78	15.15	13.98	12.68	11.9	10.9	10.48	10.02	9.47	8.58	15.06
220	60	1964.25	1964	4	18.86	17.21	16.39	15.94	15.57	13.94	11.93	11.33	9.95	9.57	9.76	9.63	8.81	14.75
221	60	1964.3333	1964	5	19.45	17.11	16.38	15.83	15.23	13.87	12.81	11.77	11.65	10.65	10.06	9.78	9.87	14.48
222	60	1964.417	1964	6	19.79	17.96	16.46	16.13	15.73	14.41	13.74	13.49	13.17	13.27	13.21	14	13.35	15.81
223	60	1964.5	1964	7	23.54	21.39	18.99	17.75	17.08	14.94	14.62	14.19	14.47	13.74	15.95	15.92	15.5	17.44
224	60	1964.5833	1964	8	24.34	22.36	20.38	19.68	18.75	16.89	15.69	15.26	14.39	15.3	15.31	16.37	15.76	19.04
225	60	1964.667	1964	9	26.17	23.78	20.86	19.33	18.76	16.67	15.4	15.06	14.68	14.3	13.98	14.35	14.1	18.96
226	60	1964.75	1964	10	26.81	24.49	21.41	19.54	18.55	16.72	15.73	15.17	15.43	14.56	13.8	14.32	13.71	18.62
227	60	1964.8333	1964	11	24.52	22.64	19.65	17.57	17.07	15.69	14.49	14.5	14.94	13.25	12.41	11.98	11.73	16.53
228	60	1964.917	1964	12	22.15	20.95	18.92	16.64	15.54	14.49	13.42	13.36	13.61	12.28	11.53	10.48	9.65	14.74
229	60	1965	1965	1	21.13	19.62	17.76	15.98	14.78	13.9	13.19	12.36	12.45	10.77	9.98	9.3	9.1	14.05
230	60	1965.0833	1965	2	20.39	18.68	16.95	15.52	14.78	14.13	12.2	11.65	11.76	9.97	10.15	9.25	8.04	14.26
231	60	1965.167	1965	3	19.7	18.23	16.89	15.97	15.33	13.81	12.79	11.99	11.35	10.49	9.78	9.69	8.65	15.33
232	60	1965.25	1965	4	19.78	18.12	16.83	16.3	15.93	14.27	13.19	13.03	11.96	11.18	10.63	10.11	9.22	15.47
233	60	1965.3333	1965	5	19.17	17.48	16.94	16.5	16.16	14.18	12.59	11.8	11.32	10.84	11.3	11.8	11.23	15.91
234	60	1965.417	1965	6	20.29	18.13	16.94	16.6	16.02	14.83	13.81	13.42	12.26	11.72	11.83	13.01	13.01	16.26
235	60	1965.5	1965	7	24.21	20.96	18.75	17.51	17.09	15.7	14.65	14.3	13.69	12.03	12.66	14.38	13.19	17.3
236	60	1965.5833	1965	8	27.2	25.13	22	20.02	19.23	17.32	16.71	16.38	15.63	15.26	15.76	16.52	15.93	19.21
237	60	1965.667	1965	9	27.42	25.42	23.48	20.68	19.2	18.07	17	16.09	14.93	14.02	12.96	13.34	13.71	19.26
238	60	1965.75	1965	10	27.56	25.92	23.4	20.42	19.26	18.17	16.98	16.03	15.3	14.36	13.73	14.22	14.21	19.08
239	60	1965.8333	1965	11	26.12	24.13	22.24	19.86	18.32	17.28	16.24	15.61	15.57	14.19	13.39	13.15	12.86	18.15
240	60	1965.917	1965	12	24.56	22.89	20.59	18.57	17.45	16.37	15.17	14.17	13.64	12.85	12.44	11.9	11.71	17.18
241	60	1966	1966	1	22.39	20.94	18.43	16.57	15.27	14.65	13.08	12.45	11.92	11.14	10.65	10.08	9.61	14.95
242	60	1966.0833	1966	2	20.97	19.27	17.51	15.94	14.9	13.85	13.1	12.27	10.96	10.73	10.02	9.86	9.39	14.43
243	60	1966.167	1966	3	20.71	18.8	16.84	15.43	15	14.33	12.64	11.86	11.02	10.78	10.46	9.2	8.83	14.53
244	60	1966.25	1966	4	20.01	18.35	16.64	15.93	15.39	14.42	13.28	12.41	11.33	10.89	10.78	10.38	9.41	14.93
245	60	1966.3333	1966	5	20.01	17.92	17.07	16.72	16.4	14.93	13.86	12.62	11.76	10.75	10.41	10.86	10.47	16.5
246	60	1966.417	1966	6	21.31	18.59	17.54	17.29	17.51	15.36	13.84	13.38	12.48	12.76	13.18	13.92	13.04	17.56
247	60	1966.5	1966	7	23.37	20.95	19.56	18.1	17.07	15.88	14.33	14.18	13.13	13.36	13.98	15.3	14.74	18.25
248	60	1966.5833	1966	8	26.24	24.09	21.86	20.53	19.73	17.16	15.61	14.16	13.91	12.21	12.86	15.19	14.52	20.47
249	60	1966.667	1966	9	27.39	24.77	22.2	20.6	19.61	17.67	16.34	15.67	14.76	14.32	15.05	15.51	15.59	19.49
250	60	1966.75	1966	10	26.12	24.68	22.41	20.63	19.13	17.45	16.23	15.02	14.19	12.63	12.99	13.92	12.91	19.04
251	60	1966.8333	1966	11	25.08	23.4	21.23	19.29	18.2	16.91	15.89	13.9	12.77	11.54	11.17	12.61	10.97	17.99
252	60	1966.917	1966	12	23.51	21	19.25	17.47	17.17	15.99	14.46	13.3	12.5	12.6	11.66	11.12	10.57	16.58
253	60	1967	1967	1	21.22	19.26	17.65	16.28	15.89	14.44	13.25	12.41	11.63	10.39	10.68	10.37	9.53	15.35
254	60	1967.0833	1967	2	20.1	18.49	17.37	16.56	15.72	13.98	13.19	12.32	11.53	10.62	10.46	9.64	9.16	14.93
255	60	1967.167	1967	3	20.16	18.27	16.87	16.34	15.82	14.41	13.03	12.37	12.02	10.34	9.77	9.38	8.95	15.87
256	60	1967.25	1967	4	19.17	17.07	15.84	15.56	15.01	14.06	12.78	12.2	11.3	10.61	10.18	9.87	9.95	14.85
257	60	1967.3333	1967	5	20.94	18.13	16.43	16.13	15.57	14.43	13.57	12.42	11.21	10.3	11.52	11.72	11.81	15.3
258	60	1967.417	1967	6	20.23	18.55	17.21	16.77	16.18	14.77	13.88	12.98	11.53	10.5	12.5	13.66	13.81	16.05
259	60	1967.5	1967	7	22.95	20.63	19.18	18.42	17.7	15.88	15	14.52	14.24	11.05	13.52	14.83	14.94	18.17
260	60	1967.5833	1967	8	25.87	23.35	21.59	20.92	19.99	18.07	16.57	14.91	15.42	11.16	13.02	14.9	14.84	20.12
261	60	1967.667	1967	9	26.93	24.88	23.26	22.27	21.07	19.18	18.4	16.8	14.77	13.12	14.96	15.38	15.46	20.24
262	60	1967.75	1967	10	26.32	24.29	22.05	20.98	20.1	18.28	17.34	16.26	15.25	13.15	13.9	14.47	14.23	19.77
263	60	1967.8333	1967	11	26.28	24.06	21.76	20.18	19.26	18.15	16.75	15.54	14.86	13.07	13.07	12.91	12	18.78
264	60	1967.917	1967	12	23.73	21.12	19.13	17.61	17.25	16.03	13.84	12.39	12.34	10.67	11.16	10.62	9.69	16.44
265	60	1968	1968	1	22.66	20.5	18.13	16.9	15.62	14.64	13.4	12.46	11.66	10.53	9.95	9.28	8.6	14.79
266	60	1968.0833	1968	2	22.18	20.17	18.03	16.68	16.22	14.95	13.86	12.85	12.39	10.9	10.1	9.56	8.57	15.63
267	60	1968.167	1968	3	21.13	18.88	17.65	16.69	16.09	14.94	13.69	13.1	12.62	11.87	11.51	9.98	9.33	15.64
268	60	1968.25	1968	4	19.67	18.05	16.97	16.7	16.26	14.74	12.81	11.74	11.05	9.33	10.51	10.07	9.54	15.41
269	60	1968.3333	1968	5	19.75	17.89	17.05	16.62	16.59	14.58	13.05	12.15	11.62	10.08	11.41	12.12	11.65	16.04
270	60	1968.417	1968	6	20.35	19.01	17.98	17.36	17.15	15.08	13.9	13.23	12.11	12.47	13.57	14.28	14.29	17.12
271	60	1968.5	1968	7	23.85	21.36	19.54	19.01	17.95	16.55	15.16	14.37	14.61	11.97	13.19	14.56	14.94	18.35
272	60	1968.5833	1968	8	25.55	22.36	20	19.34	19.5	17.62	16.31	15.29	15.38	14.2	15.14	15.78	14.68	19.54
273	60	1968.667	1968	9	26.88	24	21.09	20.02	19.51	17.68	17.08	16.5	15.75	14.24	13.21	15.42	15.3	19.55
274	60	1968.75	1968	10	26.23	23.36	20.66	19.77	19.15	16.9	15.58	14.61	14.19	12.65	13.22	13.72	12.75	18.09
275	60	1968.8333	1968	11	25.72	22.67	20.4	18.88	18.01	16.26	14.68	14.2	13.8	13.02	12.84	12.19	11.59	16.96
276	60	1968.917	1968	12	23.69	21.47	18.99	17.34	16.67	14.58	13.78	12.99	12.83	11.67	11.39	10.79	9.27	15.48
277	60	1969	1969	1	22.69	21.08	18.39	16.75	15.82	14.43	13.62	12.51	12.07	11	10.24	9.41	8.14	15.3
278	60	1969.0833	1969	2	20.94	18.86	17.08	15.93	15.31	14.37	12.96	12.05	11.42	10.31	9.38	8.83	8.07	14.82
279	60	1969.167	1969	3	19.91	17.75	15.9	15.47	14.85	13.84	12.78	11.88	11.14	10.31	9.81	9.15	8.55	14.47
280	60	1969.25	1969	4	20.28	17.67	16.43	15.81	15.56	14.1	12.75	12.34	11.51	10.91	10.43	9.86	9.6	15.7
281	60	1969.3333	1969	5	20.02	17.37	16.49	16.04	15.76	14.29	13.53	12.86	12.51	11.26	11.5	11.89	11.84	15.82
282	60	1969.417	1969	6	19.7	18.03	17.21	17.1	17.01	16.11	15.12	13.83	13.59	12.98	14.06	14.71	14.15	17.32
283	60	1969.5	1969	7	23.54	21.02	18.86	18.25	17.68	15.96	15.01	14.18	13.83	12.73	14.11	14.62	14.68	18.45
284	60	1969.5833	1969	8	26.31	23.96	21.39	20	19.41	17.42	15.2	14.56	14.25	13.73	14.07	14.67	15.25	20.14
285	60	1969.667	1969	9	27.13	25.56	22.27	20.18	18.83	17.48	16.38	15.79	15.16	14.76	13.44	15.48	15.26	19.17
286	60	1969.75	1969	10	26.63	24.63	21.83	19.56	18.75	17.21	15.88	15.51	14.94	14.76	13.82	13.58	13.59	18.25
287	60	1969.8333	1969	11	25	22.99	20.44	18.69	17.74	16.83	16	15.17	14.39	13.48	12.42	12.8	12.32	16.9
288	60	1969.917	1969	12	23.18	21.63	19.65	18.03	17.02	15.7	15.3	14.11	13.78	12.86	11.64	11.32	11.33	16.4
289	70	1970	1970	1	21.12	19.03	17.36	16.22	15.41	14.99	14	13.39	12.52	11.96	11.32	10.28	9.11	14.75
290	70	1970.0833	1970	2	20.9	19.18	17.23	15.9	15.79	15.16	14.26	13.37	12.84	12.01	11.18	10.93	10.25	15.23
291	70	1970.167	1970	3	20.46	19.03	16.92	16.33	15.59	14.88	14.37	13.32	12.49	11.33	11.44	10.79	10.17	15.26
292	70	1970.25	1970	4	19.85	18.03	16.55	16.2	15.75	14.49	13.1	11.7	10.91	10	10.72	10.48	10.23	15.94
293	70	1970.3333	1970	5	19.74	17.83	16.89	16.21	15.76	14.24	12.29	11.63	11.8	10.25	11.52	11.17	11.44	15.69
294	70	1970.417	1970	6	19.96	18.3	17.23	16.94	16.45	15.22	13.54	12.81	12.35	10.75	11.97	12.14	12.33	17.08
295	70	1970.5	1970	7	24.24	21.67	19.22	18.55	17.71	15.28	13.96	13.33	12.74	11	12.45	13.69	13.2	18.35
296	70	1970.5833	1970	8	26.36	23.44	20.86	20.19	19.61	16.13	14.67	13.75	13.11	11.29	12.16	13.16	13.8	20.65
297	70	1970.667	1970	9	26.57	23.67	21.2	19.92	19.02	16.49	15.3	13.76	12.84	11.24	12.76	12.8	13.02	19.02
298	70	1970.75	1970	10	26.22	23.85	21.16	19.77	19.1	17.22	15.91	14.09	13.45	10.88	11.18	12.04	11.93	18.49
299	70	1970.8333	1970	11	24.93	22.15	19.76	18.71	17.76	15.96	15.13	14.18	14.11	12.56	11.9	11.5	11.36	17.35
300	70	1970.917	1970	12	23.32	21.09	18.7	16.99	16.37	14.7	13.76	12.89	13.05	11.96	11.09	10.53	10.16	15.34
301	70	1971	1971	1	21.12	19.4	16.73	15.28	14.45	13.43	12.7	11.32	11.13	10.21	9.72	9.29	8.32	13.81
302	70	1971.0833	1971	2	20.39	18.47	16.21	15.34	14.19	13.6	12.52	11.31	10.63	9.36	9.62	9.07	8.54	13.69
303	70	1971.167	1971	3	19.5	17.24	15.34	14.32	13.78	13.01	11.98	10.99	10.54	9.1	9.11	8.69	7.61	13.24
304	70	1971.25	1971	4	18.91	16.84	15.37	15.23	14.74	12.92	11.89	11.11	11.15	9.63	10.11	9.85	9.46	14.56
305	70	1971.3333	1971	5	18.69	16.74	15.79	15.87	15.23	13.23	11.97	11.61	11.35	9.87	11.17	11.28	11.33	14.62
306	70	1971.417	1971	6	20.11	17.78	16.82	16.44	16.42	14.6	13.25	12.41	12.12	10.68	12.2	12.83	12.85	17.02
307	70	1971.5	1971	7	23.48	20.91	19.31	18.62	17.87	15.11	14.52	13.77	12.83	13.13	14.07	14.01	14.37	18.7
308	70	1971.5833	1971	8	26.06	24.32	22.98	21.98	20.94	17.44	16.41	15.91	15.71	15.38	16.04	16.43	15.94	20.86
309	70	1971.667	1971	9	27.59	26	23.6	22.06	20.19	18.65	17.1	16.43	15.83	15.11	15.32	14.8	14.56	20.47
310	70	1971.75	1971	10	26.46	24.36	21.99	20.23	18.82	17.1	15.24	14.13	12.99	13.07	12.85	13.14	12.39	18.19
311	70	1971.8333	1971	11	24.94	22.44	19.37	17.44	16.04	14.64	13.45	12.77	11.85	11.82	11.22	10.68	10.21	15.53
312	70	1971.917	1971	12	22.82	20.18	17.4	15.58	14.41	13.24	11.96	11.77	10.94	10.63	10.12	9.55	8.48	13.66
313	70	1972	1972	1	21.54	19	16.32	14.81	14.16	12.84	11.76	11.18	10.55	9.62	9.49	9.09	7.3	12.96
314	70	1972.0833	1972	2	21.07	18.85	16.37	14.72	14.12	12.9	12.36	11.45	10.4	9.82	9.14	8.46	8.24	13.27
315	70	1972.167	1972	3	20.44	18.26	16.23	15.07	14.69	13.21	12.67	12.09	10.98	10.25	9.82	9.43	9.27	14.42
316	70	1972.25	1972	4	20.58	17.91	16.25	15.44	15.27	13.64	12.69	12.15	11.28	10.68	10.3	10.01	9.73	15.57
317	70	1972.3333	1972	5	19.65	17.14	15.99	15.73	16.02	13.99	13.11	12.13	11.34	11.03	11.66	12.05	11.79	16.69
318	70	1972.417	1972	6	21.7	19.07	17.84	17.32	17.16	14.9	14.11	13.49	12.86	12.61	13.12	13.55	13.12	17.44
319	70	1972.5	1972	7	25.43	21.76	19.6	18.95	18.87	16.22	15.34	15.12	14.04	13.57	13.73	13.94	14.6	18.94
320	70	1972.5833	1972	8	28.07	25.68	22.62	21.45	20.59	17.55	16.12	15.57	14.41	14.25	13.98	14.49	14.17	19.38
321	70	1972.667	1972	9	28.24	26.09	23.22	21.93	20.82	18.01	16.93	16.08	15.32	14.23	13.82	13.96	13.3	20.24
322	70	1972.75	1972	10	27.75	25.32	23.17	21.08	20.08	18.45	18.13	16.04	14.98	13.77	13.04	12.21	11.59	19.34
323	70	1972.8333	1972	11	25.77	23.84	21.78	19.72	17.89	16.23	15.39	14.54	13.8	12.79	12.48	11.7	10.51	17.59
324	70	1972.917	1972	12	24.96	23.31	21.3	19.17	16.86	14.79	14.52	12.91	12.03	11.02	10.63	10.41	9.03	16.32
325	70	1973	1973	1	22.96	21.51	19.77	17.52	15.55	13.67	13.78	12.5	11.54	10.95	10.08	9.95	8.55	15.41
326	70	1973.0833	1973	2	22.11	20.32	18.52	16.73	15.66	14.26	13.46	12.55	11.81	10.83	10.61	9.79	9.23	15.09
327	70	1973.167	1973	3	21.1	18.94	17.01	16.14	15.26	14.15	12.94	12.52	11.32	10.47	10.38	9.85	9.43	14.75
328	70	1973.25	1973	4	19.87	17.6	15.84	15.46	14.76	13.25	12.26	11.97	11.02	10.55	10.78	10.77	10.03	14.1
329	70	1973.3333	1973	5	19.95	17.94	16.52	15.97	15.19	13.68	12.67	12.45	11.42	10.89	12.24	12.34	11.97	15.23
330	70	1973.417	1973	6	19.91	18	17.12	16.72	16.56	14.43	13.8	12.78	12.17	11.39	12.75	13.33	12.69	16.86
331	70	1973.5	1973	7	22.67	20.2	18.86	18.05	17.66	15.34	14.43	13.9	12.47	12.31	13.5	14.32	13.36	17.68
332	70	1973.5833	1973	8	25.05	22.4	20.14	18.96	18.53	16.49	14.86	14.52	12.62	12.45	13.24	13.61	13.17	18.53
333	70	1973.667	1973	9	23.58	20.75	19.27	18.47	17.87	16.23	15.38	15.07	14.2	13.5	12.91	13.2	13.62	17.86
334	70	1973.75	1973	10	23.58	20.78	19.01	18.22	17.92	16.32	14.77	14.61	14.87	12.8	13.08	13.27	12.6	17.34
335	70	1973.8333	1973	11	23.6	20.75	18.29	17.37	16.7	14.79	14.13	13.55	12.63	12.24	12.45	12.2	10.63	16.1
336	70	1973.917	1973	12	22.03	19.49	17.38	16.21	15.44	13.91	12.95	12.74	12.39	11.37	11.12	10.38	9.54	14.51
337	70	1974	1974	1	20.46	18.19	16.64	15.34	14.43	12.9	11.91	11.83	10.94	10.04	9.88	9.17	7.6	13.34
338	70	1974.0833	1974	2	19.62	17.5	15.8	15.06	14.2	12.66	11.59	11.22	10.23	9.93	9.75	9.11	8.49	13.69
339	70	1974.167	1974	3	18.95	17.12	15.86	15.47	14.59	13.04	12.11	11.38	10.28	9.89	9.57	9.22	8.72	13.88
340	70	1974.25	1974	4	19.57	16.89	15.92	15.65	15.22	13.37	12.56	11.65	10.96	10.66	10.45	9.7	9.85	14.23
341	70	1974.3333	1974	5	19.04	16.92	16.36	15.77	15.16	13.45	11.93	11.75	10.95	11.35	11.51	11.19	11.09	14.85
342	70	1974.417	1974	6	21.5	18.5	17.31	16.74	16.37	15.08	13.55	12.59	11.74	11.3	11.57	13.35	12.82	16.8
343	70	1974.5	1974	7	24.06	21.82	19.81	19.15	18.49	15.79	15.03	14.41	13.85	13.78	14.02	14.92	14.63	18.53
344	70	1974.5833	1974	8	25.6	22.71	20.31	19.23	18.83	16.73	15.92	14.8	14.23	13.82	14.38	14.96	14.34	18.91
345	70	1974.667	1974	9	27.28	24.96	22.24	20.33	19.32	17.51	15.86	15.55	15.13	14.27	14.53	15.36	15.38	19
346	70	1974.75	1974	10	26.49	23.99	21.41	19.53	18.47	16.81	15.84	15.09	13.69	12.22	12.1	13.74	12.62	18.08
347	70	1974.8333	1974	11	24.43	22.34	19.92	18.4	17.25	15.32	14.29	13.7	12.74	12.35	11.87	12.2	11.39	16.49
348	70	1974.917	1974	12	22.55	20.25	18.02	17	15.9	14.95	13.48	12.85	11.7	11.5	11.29	10.89	10.54	15.09
349	70	1975	1975	1	20.74	18.8	16.53	15.93	14.53	13.15	12.18	11.68	10.8	10.35	10.05	9.77	8.88	13.57
350	70	1975.0833	1975	2	19.6	17.74	15.87	15.05	14.43	13	12.21	11.47	10.49	10.2	9.63	9.18	8.51	13.65
351	70	1975.167	1975	3	19.19	16.97	15.81	14.92	14.34	13.01	12.18	11.61	10.87	10.61	9.84	9.25	8.7	13.99
352	70	1975.25	1975	4	18.41	16.2	15.07	14.82	14.19	13.08	12.35	11.27	10.41	10.42	9.81	9.74	9.23	13.98
353	70	1975.3333	1975	5	18.4	16.49	15.56	15.24	14.99	13.69	12.2	11.37	11	11.01	10.93	11.28	11.38	14.98
354	70	1975.417	1975	6	19.24	17.17	16.76	16.05	15.81	14.38	13.76	12.91	11.61	11.03	11.24	12.18	11.8	15.66
355	70	1975.5	1975	7	23.03	20.38	18.68	17.54	16.99	15.45	14.41	13.83	12.66	13.39	13.56	14.35	14.16	16.54
356	70	1975.5833	1975	8	25.23	22.18	19.93	18.78	18.19	16.21	15.72	14.75	12.98	13.4	13.77	14.18	13.85	17.16
357	70	1975.667	1975	9	26.86	24.08	20.87	19.58	18.62	16.59	15.17	14.94	14.18	13.17	13.15	14.37	13.78	17.51
358	70	1975.75	1975	10	26.04	23.23	20.35	18.84	18	16.23	15.19	14.82	14.06	13.76	13.7	13.42	12.3	16.93
359	70	1975.8333	1975	11	24.7	22.25	19.35	17.46	16.08	14.21	13.4	13.06	11.82	12.24	12.28	11.85	10.57	15.25
360	70	1975.917	1975	12	22.72	20.87	18.54	16.65	14.96	13.31	12.31	11.91	11.04	10.83	10.84	10.16	8.88	13.7
361	70	1976	1976	1	20.79	19.56	17.62	15.76	14.11	13.11	12.03	11.16	10.64	10.02	9.85	9.72	8.24	13.48
362	70	1976.0833	1976	2	20.5	19.22	17.51	16.01	14.73	13.43	12.59	11.68	10.68	9.94	9.6	9.35	7.91	14.36
363	70	1976.167	1976	3	19.57	18.07	16.44	15.61	14.89	13.48	12.22	11.27	10.62	9.79	9.13	8.9	7.7	14.37
364	70	1976.25	1976	4	19.53	17.77	16.5	15.74	15.29	13.7	12.12	11.27	10.63	10.26	9.74	9.45	8.99	14.46
365	70	1976.3333	1976	5	19.45	17.62	16.88	16.21	15.85	13.98	12.72	11.63	10.42	10.84	10.74	11.24	11.29	15.65
366	70	1976.417	1976	6	21.45	19.07	17.61	17.2	16.96	14.68	13.5	13.16	11.78	11.83	11.72	12.58	12.6	17.36
367	70	1976.5	1976	7	25.13	21.73	19.13	18.76	18.66	16.32	15.57	14.66	12.87	13.78	14.53	15.26	14.16	19.1
368	70	1976.5833	1976	8	27.63	23.94	21.12	19.14	19.21	17.89	16.71	16.32	15.25	14.8	15.18	14.88	14.41	19.1
369	70	1976.667	1976	9	27.42	25.53	23.32	21.71	20.44	17.98	16.8	16.01	14.78	13.78	13.93	14.8	14.45	20.02
370	70	1976.75	1976	10	26.19	25.1	23.4	21.53	20.48	18.48	17.45	15.82	14.52	13.76	13.27	13.94	13.1	19.96
371	70	1976.8333	1976	11	25.3	24.15	22.81	21.1	19.67	17.95	16.63	15.64	14.4	13.79	13.75	13.43	11.56	18.93
372	70	1976.917	1976	12	23.67	22.86	21.43	19.73	18.27	17.27	16.03	14.55	13.3	12.17	11.74	11.69	9.8	17.75
373	70	1977	1977	1	22.35	20.9	19.24	18.02	16.68	15	14.47	13.35	12.27	11.67	11.15	10.2	8.65	15.93
374	70	1977.0833	1977	2	22.15	20.29	18.6	16.99	16.31	14.94	14.37	13.35	12.31	11.93	11.21	10.12	9.35	15.94
375	70	1977.167	1977	3	21.22	18.92	17.31	16.24	15.37	13.64	12.85	11.99	11.49	10.96	10.5	10.34	9.06	14.38
376	70	1977.25	1977	4	20.5	18.16	16.51	16.06	15.39	13.61	12.46	11.66	10.54	10.01	10.31	10.32	9.74	15.08
377	70	1977.3333	1977	5	20.1	18.09	16.99	16.21	15.87	14.28	13.01	12.73	11.9	11.81	12.33	11.87	11.11	15.5
378	70	1977.417	1977	6	20.96	18.98	17.35	16.99	16.74	15.17	13.48	13.24	11.99	11.62	12.17	12.88	12.55	16.65
379	70	1977.5	1977	7	24.05	21.27	19.87	19.01	17.69	15.84	14.15	13.9	12.45	12.52	12.87	13.44	13.47	18.07
380	70	1977.5833	1977	8	25.73	23.33	21.07	19.93	19.22	17.28	16.02	16.11	14.82	14.1	12.83	14.38	14.23	19.28
381	70	1977.667	1977	9	26.8	24.39	22.21	20.65	19.8	18.12	17.02	15.94	14.18	14.3	14.23	14.15	14.61	19.82
382	70	1977.75	1977	10	27.18	24.88	22.53	20.3	19.4	17.48	16.04	15.44	13.84	13.77	13.62	14.03	14.14	18.96
383	70	1977.8333	1977	11	25.83	23.84	21.36	19.1	18.6	15.7	14.45	13.84	13.1	12.28	12.11	11.9	11.92	18.12
384	70	1977.917	1977	12	24.61	22.88	21	19.14	17.27	15.1	14.34	13.85	12.62	12.2	11.24	10.8	10.12	17.27
385	70	1978	1978	1	22.83	20.92	19.18	17.83	16.38	15.36	14.52	13.73	12.42	11.84	10.96	10.41	9.95	16.01
386	70	1978.0833	1978	2	21.77	19.82	18.49	17.17	16.23	15.21	14.13	13.65	12.26	12.08	11.56	10.71	9.65	15.63
387	70	1978.167	1978	3	20.99	19.32	18.06	17.3	15.84	15.38	14.48	13.74	12.68	12.04	11.23	10.95	9.5	15.94
388	70	1978.25	1978	4	19.89	18.33	17.39	16.68	16.25	15.49	14.12	13.63	12.47	12.02	11.38	11.03	9.74	16.33
389	70	1978.3333	1978	5	20.09	18.51	17.64	17.08	16.97	15.28	13.59	13.17	12.09	11.69	12.2	12.4	11.23	16.91
390	70	1978.417	1978	6	21.84	19.36	18.52	17.79	17.12	15.21	14.87	14	12.61	13.02	14.33	14.98	14.7	17.23
391	70	1978.5	1978	7	25.32	22.78	20.25	18.92	17.51	16.51	14.85	14.29	13.51	12.57	13.48	13.97	13.88	18.06
392	70	1978.5833	1978	8	26.62	23.91	21.3	20.59	18.9	16.9	16.04	15.53	14.14	13.33	14.3	14.41	13.6	19.3
393	70	1978.667	1978	9	25.63	23.35	21.01	19.85	19.22	17.4	15.79	15.81	14.76	14.98	15.61	15.6	15.19	18.95
394	70	1978.75	1978	10	26.51	24.36	22.26	20.11	19.72	17.36	16.16	15.49	13.81	14.23	14.23	15.5	14.3	19.22
395	70	1978.8333	1978	11	25.05	22.46	20.11	19.02	17.96	16.35	14.84	13.46	11.78	12.48	12.1	11.7	11.12	17.68
396	70	1978.917	1978	12	22.08	20.27	17.97	16.58	16.09	13.67	13.01	11.97	10.9	10.29	10.09	9.99	9.75	15.53
397	70	1979	1979	1	20.98	18.85	17.27	16.01	15.59	13.77	12.95	12.12	10.97	10.19	9.61	8.96	8.38	14.83
398	70	1979.0833	1979	2	19.45	17.77	16.5	15.42	14.74	13.09	12.3	11.77	10.58	10.12	9.52	8.53	7.08	14.58
399	70	1979.167	1979	3	19.14	17.4	16.2	15.73	15.19	13.87	12.83	12.16	11.21	10.61	9.91	9.86	8.53	15.28
400	70	1979.25	1979	4	18.81	17.39	16.7	16.15	15.81	14.09	12.84	12.13	11.39	10.94	10.63	10.44	9.93	15.62
401	70	1979.3333	1979	5	18.98	17.81	17.4	16.86	16.62	14.58	13.8	12.9	11.71	11.52	12.46	12.19	11.44	15.81
402	70	1979.417	1979	6	20.62	19.64	18.51	17.74	17.37	15.4	14.16	13.42	11.63	12.08	12.2	13.31	12.72	17.55
403	70	1979.5	1979	7	23.45	21.62	19.83	18.83	18.54	16.67	15.17	14.17	13.03	13.12	14.09	15.93	15.41	18.04
404	70	1979.5833	1979	8	25.7	23.22	21.4	20.03	19.64	17.5	15.76	15.62	14.85	14.02	14.24	15.32	15.26	19.17
405	70	1979.667	1979	9	26.46	24.71	21.94	20.17	21.32	18.34	17.19	16.66	15.78	16.52	16.62	16.61	16.62	20.64
406	70	1979.75	1979	10	26.62	24.42	21.78	19.82	19.49	18.57	17.3	16.96	15.46	14.94	14.85	15.29	14.82	19.46
407	70	1979.8333	1979	11	24.71	22.39	20.18	18.72	18.09	16.48	15.75	15.22	14.45	13.78	13.42	13.18	12.6	17.48
408	70	1979.917	1979	12	22.84	21.28	19.11	18.11	16.87	16.04	14.86	14.06	12.76	12.35	12.15	11.32	10.85	16.18
409	80	1980	1980	1	21.6	20.24	18.73	17.44	16.66	14.99	14.41	13.62	12.3	11.5	10.74	10.41	8.65	15.56
410	80	1980.0833	1980	2	21.2	19.82	18.38	17.44	16.65	15.19	13.79	12.95	11.89	10.87	10.66	9.79	9.41	16.45
411	80	1980.167	1980	3	21.02	19.49	18.39	17.63	16.75	14.85	13.67	13.2	12.32	11.37	10.62	10.01	9.44	16.1
412	80	1980.25	1980	4	20.47	19.07	17.8	16.97	16.37	14.64	13.28	12.47	11.72	11.38	10.81	10.24	10.42	15.88
413	80	1980.3333	1980	5	19.64	18.22	17.32	16.52	15.92	14.46	13.28	12.54	11.59	11.33	11.7	12.07	12.19	15.55
414	80	1980.417	1980	6	22.21	19.66	17.78	17.16	16.71	15.18	13.98	13.54	12.89	12.66	13.42	13.41	13.15	16.06
415	80	1980.5	1980	7	25.2	23	19.34	18.58	17.72	16.45	15.22	15.13	13.68	13.03	13.49	14.32	14.4	17.81
416	80	1980.5833	1980	8	26.95	25.24	22.77	21.3	20.32	17.54	15.74	14.66	13.55	13.16	13.19	14.48	13.03	20.48
417	80	1980.667	1980	9	27.04	23.99	21.15	20.09	19.29	17.23	15.6	15.08	14.11	13.86	13.68	14.07	13.57	19.56
418	80	1980.75	1980	10	26.27	23.55	20.78	19.51	18.45	17.38	15.08	14.9	14.01	13.02	12.67	13.03	12.68	18.38
419	80	1980.8333	1980	11	24.54	22.17	19.64	18.18	17.35	15.5	14.64	13.07	13.84	13.02	12.96	12.46	12.32	17.2
420	80	1980.917	1980	12	23.28	21.42	19.02	17.35	16.23	15.56	14.5	12.8	13.18	12.53	11.75	11.47	10.61	16.03
421	80	1981	1981	1	22.31	20.79	18.9	17.27	16.36	15.18	14.56	13.29	13.16	12.6	11.61	10.99	10.46	16.22
422	80	1981.0833	1981	2	21.52	20.06	18.47	16.92	15.81	14.88	13.61	13.12	12.68	11.87	11.4	10.74	9.66	15.52
423	80	1981.167	1981	3	20.54	18.85	17.67	16.99	16.04	14.78	13.62	12.71	11.96	11.34	11.23	11.27	9.97	15.8
424	80	1981.25	1981	4	20.49	18.63	17.45	16.61	16.13	14.23	11.89	11.15	9.69	11.3	10.75	10.94	10.37	16.05
425	80	1981.3333	1981	5	20.89	18.95	18.13	17.73	16.94	15.27	13.11	12.52	12.02	11.98	12.29	12.16	11.81	16.73
426	80	1981.417	1981	6	20.86	19.67	19.09	18.77	17.66	16.44	13.26	12.36	10.25	13.32	13.86	14.07	14.76	17.71
427	80	1981.5	1981	7	24.99	23.42	22.12	20.96	19.69	17.4	14.99	12.79	10.66	12.57	13.38	14.08	14.37	19.73
428	80	1981.5833	1981	8	26.62	24.35	22.52	22.02	20.36	17.23	14.5	13.84	11.63	13.51	14.83	15.25	15.17	20.24
429	80	1981.667	1981	9	27.1	25.35	23.36	21.75	20.22	16.67	15.19	13.49	12.23	14.65	14.6	15.07	15.18	20.07
430	80	1981.75	1981	10	25.96	23.29	21.25	20.07	18.64	17.02	14.63	13.33	13.57	14.56	13.9	13.59	14.27	18.24
431	80	1981.8333	1981	11	25.23	22.65	20.31	18.63	17.62	16.55	14.76	14.21	13.98	13.01	12.71	12.56	12.88	17.09
432	80	1981.917	1981	12	23.42	20.95	18.86	17.46	16.52	14.91	13.95	13.33	12.97	12.15	11.87	11.29	12.02	15.45
433	80	1982	1982	1	21.34	19.05	17.59	16.31	15.34	13.33	12.88	11.67	11.66	10.49	9.98	10	10.04	14.86
434	80	1982.0833	1982	2	20.32	18.61	17.12	16.33	15.76	13.84	13.05	12.05	11.98	10.89	9.6	9.18	10.71	15.14
435	80	1982.167	1982	3	20.56	18.62	17	16.14	15.33	13.99	12.98	12.56	11.83	10.93	9.87	9.48	11.02	15.46
436	80	1982.25	1982	4	20.45	18.32	16.9	16.43	15.73	14.73	13.16	13.04	11.95	11.07	10.59	10.68	9.73	15.48
437	80	1982.3333	1982	5	20.4	18.45	17.58	17.13	16.5	14.46	12.83	11.92	10.05	10	10.7	11.15	11.4	15.71
438	80	1982.417	1982	6	20.71	18.23	17.08	16.56	16.19	14.59	13.51	13.35	11.69	11.47	12.12	12.34	11.96	16.3
439	80	1982.5	1982	7	23.46	20.99	19.03	18.27	17.45	16.02	13.54	13.97	11.99	13.06	14.08	14.5	13.6	17.47
440	80	1982.5833	1982	8	27.15	24.04	20.62	19.57	19	16.49	14.92	13.73	12.4	13.65	14.53	15.94	14.71	18.13
441	80	1982.667	1982	9	28.22	25.42	23	20.9	20.05	18.18	16.84	14.55	13.39	13.2	15.15	15.41	14.78	19.08
442	80	1982.75	1982	10	27.05	24.95	22.08	20.66	19.51	17.96	16.61	14.46	14.3	13.61	14.14	13.51	13.2	18.93
443	80	1982.8333	1982	11	26.48	24.72	22.31	20.42	19.01	17.19	17.11	14.43	14.48	13.76	13.18	12.43	11.88	17.8
444	80	1982.917	1982	12	24.58	22.91	20.22	18.72	17.28	16.26	15.29	13.23	13.45	12.9	12.18	11.51	10.8	15.98
445	80	1983	1983	1	24.01	22.34	20.12	18.25	16.91	15.44	15.48	13.3	13.25	12.49	11.73	11.13	10.58	15.81
446	80	1983.0833	1983	2	23.11	21.83	19.61	17.99	16.64	15.26	15.35	13.57	13.55	12.48	11.57	11.19	10.98	15.89
447	80	1983.167	1983	3	22.12	20.53	18.23	16.99	16.36	15.41	14.86	13.68	13.24	12.25	11.26	11.41	11.55	15.81
448	80	1983.25	1983	4	21.41	19.32	17.85	17.09	16.5	15.11	13.81	12.87	12.31	11.65	11.83	11.36	11.39	15.09
449	80	1983.3333	1983	5	21.96	19.24	17.92	17.11	16.44	15.41	13.46	13.16	12	12.23	12.43	12.55	12.35	16.01
450	80	1983.417	1983	6	23.8	20.81	18.65	17.6	17.04	16.13	14.56	13.02	11.68	12.58	13.69	14.12	14.91	17.06
451	80	1983.5	1983	7	26.62	23.99	20.73	19.11	18.85	16.99	16.06	14.02	12.61	13.71	15.89	16.64	16.06	18.71
452	80	1983.5833	1983	8	28.71	26.54	23.96	21.9	20.23	18.37	17.65	15.85	14.39	15.42	15.5	16.24	15.48	20.79
453	80	1983.667	1983	9	28.13	26.99	25.43	22.48	21.35	19.94	18.5	17.01	15.59	13.36	15.42	15.68	14.68	21.13
454	80	1983.75	1983	10	27.86	26.5	24.34	22.41	21.05	18.91	18.03	16.58	15.32	14	12.66	14	12.35	20.35
455	80	1983.8333	1983	11	26.58	24.22	22.15	20.81	19.57	17.71	16.79	15.4	14.85	14.04	13.87	13.67	11.77	19.03
456	80	1983.917	1983	12	24.52	22.07	19.68	18.09	17.34	15.55	14.27	13.4	12.98	12.24	11.95	11.28	10.54	16.69
457	80	1984	1984	1	22.49	20.79	18.69	17.4	16.43	14.91	14.08	12.69	12.24	11.31	11.2	10.26	9.24	16.28
458	80	1984.0833	1984	2	22.02	20.1	18.16	16.67	15.66	14.79	13.58	12.51	11.99	10.97	10.67	10.22	9.17	15.82
459	80	1984.167	1984	3	22.01	19.46	17.56	16.47	15.8	14.72	13.12	12.32	11.72	11.2	10.61	10.03	9.79	15.81
460	80	1984.25	1984	4	21.21	18.76	17.08	16.54	15.77	14.19	11.82	10.97	10.24	10.99	10.63	10.27	10.17	15.29
461	80	1984.3333	1984	5	21.2	18.78	17.68	17.03	16.03	13.92	11.81	11.05	10.88	11.93	11.69	11.83	11.86	16.52
462	80	1984.417	1984	6	22.45	20.14	18.56	17.81	17.44	14.91	13.52	11.81	10.04	10.14	12.78	12.56	12.7	17.8
463	80	1984.5	1984	7	24.99	23.12	21.42	20.82	20.27	16.66	15.91	14.58	12.34	10.66	12.84	14.19	12.92	19.72
464	80	1984.5833	1984	8	27.81	25.53	23.37	21.83	20.61	18.66	16.83	14.62	12.85	13.42	15.32	16.04	15.3	21.06
465	80	1984.667	1984	9	27.05	25.92	23.94	22.65	21.94	19.28	17.97	15.28	13.44	12.74	15.08	15.16	14.71	21.39
466	80	1984.75	1984	10	25.74	24.43	22.76	21.33	20.59	18.03	15.37	14.37	13.08	12.92	14.04	14.02	13.31	18.78
467	80	1984.8333	1984	11	24.26	22.17	19.97	18.85	17.9	16.56	14.67	13.34	12.67	12.2	12.21	11.82	11.68	16.13
468	80	1984.917	1984	12	22.86	20.41	17.74	16.55	15.98	14.6	13.44	12.88	12.11	11.04	11.62	10.87	9.41	14.51
469	80	1985	1985	1	21.39	19.31	17.12	15.74	15	14.33	13.24	12.41	11.76	10.99	10.67	10.12	8.45	14.5
470	80	1985.0833	1985	2	20.14	18.32	16.38	15.71	14.47	13.68	12.75	11.82	10.82	9.81	9.81	9.23	7.12	14.08
471	80	1985.167	1985	3	19.74	17.81	16.03	15.42	14.99	13.5	12.19	11.01	9.91	8.95	9.63	9.13	8.17	14.06
472	80	1985.25	1985	4	19.38	17.51	16.5	15.87	15.29	14.31	12.2	11.44	10.08	9.93	9.79	9.52	9.8	14.63
473	80	1985.3333	1985	5	19.38	17.61	16.83	16.43	15.85	14.15	12.29	11.93	10.57	10.28	11.9	12.3	12.04	15.14
474	80	1985.417	1985	6	20.33	18.4	17.4	17.2	17.11	15.22	13.65	13.49	11.72	11.39	12.87	13.61	13.42	16.71
475	80	1985.5	1985	7	24.13	22.49	21.01	20.06	19.47	16.6	14.52	14.11	12.19	11.7	13.65	15.31	13.77	19.14
476	80	1985.5833	1985	8	26.9	24.2	22.11	20.86	20.16	17.15	15.33	15.05	13.25	13.16	15.65	16.34	15.08	19.76
477	80	1985.667	1985	9	27.75	24.86	23.07	21.22	20.36	18.04	15.99	15.05	13.58	13.11	14.1	14.78	14.22	19.89
478	80	1985.75	1985	10	26.5	24.18	22.41	20.74	19.66	17.26	15.53	14.18	12.46	11.6	12.14	12.75	12.05	19.46
479	80	1985.8333	1985	11	24.9	22.06	19.97	18.63	17.93	15.67	13.97	11.95	10.96	10.26	10.94	10.52	10.3	17.28
480	80	1985.917	1985	12	23.01	20.38	18.52	17.13	16.04	14.25	13.41	11.79	11.61	10.49	10.73	10.25	8.03	15.06
481	80	1986	1986	1	22.32	19.97	17.87	17.02	15.85	14.76	13.78	12.78	11.95	11.49	10.85	9.81	9.25	15.41
482	80	1986.0833	1986	2	21.19	19.35	17.64	16.39	15.69	15.02	13.61	13.03	12.19	11.59	11.31	10.14	9.63	15.26
483	80	1986.167	1986	3	20.24	19.05	17.45	16.69	15.81	14.95	13.81	13.71	12.52	12.02	11.52	11.03	10.72	15.57
484	80	1986.25	1986	4	20.26	18.81	17.4	16.93	16.46	14.58	13.12	12.11	10.79	10.25	11.33	10.49	9.89	15.99
485	80	1986.3333	1986	5	20.29	18.65	18	17.31	16.57	14.68	12.44	11.81	10.89	10.61	12.1	11.98	10.89	16.63
486	80	1986.417	1986	6	19.94	18.68	17.67	17.11	16.59	15.18	13.86	12.99	12.25	12.56	13.49	13.96	13.71	17.82
487	80	1986.5	1986	7	24.92	21.54	20.03	19.06	18.7	16.39	14.87	13.77	12.24	11.59	14.5	15.56	14.34	19.5
488	80	1986.5833	1986	8	25.67	22.93	21.01	19.9	19.53	16.78	14.85	14.43	13.08	11.93	13.8	13.33	13.46	19.87
489	80	1986.667	1986	9	26.63	24.03	21.34	19.2	18.48	16.95	15.16	15	13.9	12.57	13.23	13.5	13.48	19.36
490	80	1986.75	1986	10	25.77	22.77	20.91	19.12	18.86	17.26	16.01	14.64	13.22	12.04	12.97	13.52	12.31	19.01
491	80	1986.8333	1986	11	24.69	22.29	19.89	17.89	17.9	16.36	15.28	13.02	12.54	11.33	12.34	11.65	10.81	18.19
492	80	1986.917	1986	12	23.89	21.57	19.85	17.79	17.04	15.29	15.35	13.03	12.77	11.57	11.42	10.94	10.25	17.22
493	80	1987	1987	1	21.65	19.85	17.46	16.33	15.75	14.66	13.75	12.71	12.23	11.15	10.62	9.35	9.31	15.54
494	80	1987.0833	1987	2	21.25	19.93	17.28	16.29	15.35	14.48	13.5	12.43	11.92	10.8	10.8	10.22	9.64	15.31
495	80	1987.167	1987	3	20.38	18.65	16.67	16.08	15.35	14.65	13.02	12.23	11.47	10.66	10.4	10.01	9.73	14.92
496	80	1987.25	1987	4	20.01	18.11	17.24	16.69	16.46	15.15	12.6	12.02	10.9	11.27	11.33	11.47	10.63	15.94
497	80	1987.3333	1987	5	20.12	18.61	17.6	17.02	16.71	14.6	13.88	12.82	11.46	11.14	12.42	12.59	11.86	17.31
498	80	1987.417	1987	6	20.77	18.81	18.19	17.49	17.08	15.42	13.47	12.98	11.3	11.13	13.71	12.83	12.34	17.4
499	80	1987.5	1987	7	24.47	21.4	18.63	18.31	17.54	16.95	14.56	14.15	13.32	12.1	14.65	13.99	13.4	18.2
500	80	1987.5833	1987	8	27.48	23.97	21.19	19.74	19.04	18.13	15.83	15.21	13.48	11.9	13.74	13	12.47	19.79
501	80	1987.667	1987	9	28.39	25.45	22.63	21.41	19.7	17.8	16.21	15.72	13.81	12.24	13.99	13.78	12.91	19.31
502	80	1987.75	1987	10	27.83	25.29	23.03	21.15	19.47	18.14	16.92	15.19	14.39	12.91	13.25	14.11	12.51	19.3
503	80	1987.8333	1987	11	25.77	23.6	21.65	19.85	18.36	16.86	15.97	14.8	13.95	13.13	12.97	13	11.66	18.02
504	80	1987.917	1987	12	23.54	21.65	19.97	18.03	16.83	15.2	13.85	13.01	12.52	11.71	11.48	11.33	9.79	15.84
505	80	1988	1988	1	21.52	19.13	17.26	15.78	15.06	13.51	12.66	11.71	11.48	10.61	10.56	11.4	8.91	14.29
506	80	1988.0833	1988	2	20.63	18.87	16.9	15.92	14.85	13.97	12.85	11.58	11.16	10.23	9.62	9.15	8.38	14.54
507	80	1988.167	1988	3	20.24	19.05	17.9	16.64	15.86	13.98	12.92	11.72	10.97	10.25	10.44	10.26	9.05	15.15
508	80	1988.25	1988	4	21.02	19.28	18.14	17.67	16.83	15.05	13.27	11.79	11.03	9.98	10.73	9.8	10.22	16.17
509	80	1988.3333	1988	5	20.49	19.12	17.85	17.3	16.72	15.04	12.4	11.74	11.46	11.78	11.86	11.74	12.04	16.21
510	80	1988.417	1988	6	20.02	19.31	18.32	18.57	16.69	14.78	13.15	12.7	11.81	12.15	13.06	13	13.3	16.35
511	80	1988.5	1988	7	22.93	21.17	20.36	19.52	18.22	16.36	14.76	13.45	11.79	10.8	13.4	12.95	13.19	19.41
512	80	1988.5833	1988	8	24.84	22.7	20.73	20.51	19.63	17.9	15.99	15	13.01	11.2	13.53	12.15	13.12	19.93
513	80	1988.667	1988	9	25.94	23.07	20.75	20.38	19.64	17.91	15.1	14.24	12.36	10.55	12.36	12.39	12.33	19.65
514	80	1988.75	1988	10	24.76	21.97	19.96	19	19.05	17.31	15.17	13.84	13.1	11.79	13.86	12.73	12.82	19.03
515	80	1988.8333	1988	11	22.73	20.79	19.68	17.69	17.49	15.66	13.73	13.03	12.97	11.88	12.68	12.45	11.43	16.61
516	80	1988.917	1988	12	22.03	19.54	18.5	16.94	15.96	14.9	13.08	11.76	11.43	10.4	11.21	10.93	9.83	14.72
517	80	1989	1989	1	19.62	17.89	16.27	15.51	14.95	13.07	11.72	10.51	10.24	9.21	9.63	9.13	7.85	13.05
518	80	1989.0833	1989	2	19.16	17.37	16.31	15.06	14.18	12.77	11.62	10.48	10.21	9.26	8.98	7.94	6.46	13.29
519	80	1989.167	1989	3	19.21	18.19	16.98	16	14.93	14.24	11.88	11.49	10.76	9.85	9.31	8.58	8.23	14.49
520	80	1989.25	1989	4	19.41	18.59	17.8	16.66	16.06	14.78	13.1	12.86	11.82	10.84	10.75	10.42	10.31	16.03
521	80	1989.3333	1989	5	19.84	18.55	17.39	17.52	16.92	14.99	12.9	12.45	11.81	10.76	12.82	12.48	12.19	16.5
522	80	1989.417	1989	6	20.88	19.57	19.33	17.73	16.72	15.16	13.41	13.01	11.54	10.72	13.44	13.56	13.59	16.68
523	80	1989.5	1989	7	23.97	21.65	20.25	20.08	18.72	17.11	13.71	12.9	11.38	11.38	14.72	15.26	15.32	19.17
524	80	1989.5833	1989	8	26.05	23.83	21.83	20.71	19.13	17.31	14.96	14.29	12.6	11.41	14.24	15.31	14.7	20.1
525	80	1989.667	1989	9	26.98	24.9	21.89	20.58	20.04	17.25	14.86	15.28	13.59	11.69	15.26	12.87	13.48	19.58
526	80	1989.75	1989	10	26.6	24.43	22.25	19.98	19.91	16.97	15.54	14.78	13	11.37	13.26	12.43	12.5	18.25
527	80	1989.8333	1989	11	25.11	23.26	22.2	19.92	18.46	16.62	15.23	13.73	12.61	10.84	12.43	11.74	11.06	17.86
528	80	1989.917	1989	12	23.67	22.3	20.36	18.27	17.29	15.63	14.83	13.37	12.79	11.41	11.35	10.88	9.68	16.81
529	90	1990	1990	1	21.08	19.67	18.41	16.98	15.89	15.28	13.82	12.59	11.76	10.62	10.45	10	9.02	16.16
530	90	1990.0833	1990	2	20.35	18.99	17.18	16.08	15.25	13.92	12.55	11.13	10.68	9.63	9.76	9.12	7.78	15.03
531	90	1990.167	1990	3	20.52	18.69	16.87	15.77	15.4	13.28	11.93	11.37	10.65	10.06	10.17	9.59	8.96	14.78
532	90	1990.25	1990	4	20.64	19.2	17.68	17	16.03	14.36	12.87	12.21	11.04	10.82	11.41	10.78	10.51	16.14
533	90	1990.3333	1990	5	20.85	19.19	17.85	16.75	17.25	15.12	12.82	12.04	10.8	9.73	11.61	11.9	11.39	17.08
534	90	1990.417	1990	6	22.33	19.92	18.87	18.03	17.02	16.02	13.3	12.69	11.71	12.12	13.66	13.45	13.47	17.89
535	90	1990.5	1990	7	26.27	23.96	21.93	20.3	19.15	17.36	14.91	14.35	12.97	12.23	14.9	13.67	14.36	19.78
536	90	1990.5833	1990	8	27.35	24.58	21.98	20.82	19.5	17.71	16.36	15.62	13.45	12.22	14.78	13.91	15.15	20.11
537	90	1990.667	1990	9	28.71	26.26	23.88	21.36	20.88	18.58	15.79	16.04	14.57	14.92	16.23	15.66	15.83	20.45
538	90	1990.75	1990	10	27.82	25.01	23.06	21.26	20.22	17.42	16.06	14.3	12.48	10.92	14.29	13.69	12.95	19.86
539	90	1990.8333	1990	11	25.89	23.8	21.9	19.77	18.78	16.62	15.09	12.33	12.05	11.38	13.63	12.45	11.65	18.27
540	90	1990.917	1990	12	23.96	22.18	20.81	18.7	17.02	14.7	14.15	11.72	10.94	10.5	11.07	11.02	8.86	16.42
