Sample	FGal	FPag	FPor	FHipp	FCra	FPro	FPan	FAlp	FCall	FUpo	FLao	FNep	T1m	T45.35m	S1m	S45.35m	Ch0.10m	Year	Location
1	34.08	0.00	0.00	56.80	0.00	0.00	0.00	0.00	0.00	0.00	0.00	0.00	6.84	6.49	34.14	34.31	0.93	2002.00	1.00
2	113.61	11.36	0.00	39.76	34.08	0.00	0.00	0.00	0.00	0.00	0.00	0.00	6.78	6.74	34.32	34.30	0.55	2002.00	1.00
3	289.70	0.00	0.00	22.72	39.76	0.00	5.68	0.00	0.00	0.00	0.00	0.00	8.62	8.63	34.42	34.43	2.65	2002.00	1.00
4	45.44	45.44	0.00	34.08	22.72	0.00	0.00	0.00	0.00	0.00	0.00	0.00	9.13	8.99	34.45	34.47	3.06	2002.00	1.00
5	51.12	22.72	11.36	17.04	28.40	28.40	11.36	0.00	0.00	0.00	0.00	0.00	10.23	10.75	34.63	34.69	1.88	2002.00	1.00
6	0.00	0.00	22.72	22.72	11.36	0.00	11.36	0.00	0.00	0.00	0.00	0.00	11.41	10.96	34.53	34.62	0.65	2002.00	1.00
7	5.68	0.00	51.12	51.12	22.72	51.12	0.00	0.00	34.08	0.00	0.00	0.00	12.87	12.25	33.66	34.76	2.08	2002.00	1.00
8	0.00	11.36	79.53	11.36	0.00	0.00	0.00	0.00	11.36	0.00	0.00	0.00	12.79	12.52	34.30	34.60	2.31	2002.00	1.00
9	658.93	68.17	488.52	0.00	45.44	56.80	0.00	0.00	11.36	0.00	0.00	0.00	13.82	13.02	34.45	34.70	2.12	2002.00	1.00
10	113.61	11.36	176.09	79.53	5.68	0.00	0.00	0.00	5.68	0.00	0.00	0.00	13.65	13.46	34.61	34.68	1.85	2002.00	1.00
11	22.72	34.08	1601.89	22.72	56.80	0.00	0.00	0.00	0.00	0.00	0.00	0.00	13.58	13.58	34.67	34.67	1.62	2002.00	1.00
12	187.45	51.12	5.68	5.68	5.68	5.68	62.48	0.00	28.40	28.40	0.00	0.00	13.87	13.82	34.61	34.72	2.01	2002.00	1.00
13	34.08	45.44	45.44	11.36	11.36	0.00	0.00	0.00	22.72	0.00	0.00	0.00	13.67	13.47	34.71	34.75	1.20	2002.00	1.00
14	11.36	11.36	22.72	0.00	0.00	0.00	0.00	0.00	0.00	0.00	0.00	0.00	13.46	13.44	34.73	34.73	0.68	2002.00	1.00
15	0.00	0.00	0.00	0.00	0.00	0.00	0.00	0.00	0.00	0.00	0.00	0.00	10.91	11.60	34.21	34.44	0.50	2002.00	1.00
16	0.00	0.00	0.00	0.00	0.00	0.00	0.00	0.00	0.00	0.00	0.00	0.00	10.21	10.44	34.45	34.70	0.23	2002.00	1.00
17	0.00	0.00	0.00	0.00	0.00	0.00	0.00	0.00	0.00	0.00	0.00	0.00	7.63	9.23	33.28	34.51	0.15	2002.00	1.00
18	0.00	0.00	0.00	0.00	0.00	0.00	0.00	0.00	0.00	0.00	0.00	0.00	7.73	8.25	34.45	34.69	0.16	2003.00	1.00
19	0.00	11.36	0.00	0.00	0.00	0.00	0.00	0.00	0.00	0.00	0.00	0.00	7.73	7.86	34.60	34.67	0.16	2003.00	1.00
20	0.00	0.00	0.00	0.00	0.00	0.00	0.00	0.00	0.00	0.00	0.00	0.00	6.50	6.54	34.48	34.48	0.17	2003.00	1.00
21	0.00	0.00	0.00	11.36	0.00	0.00	0.00	0.00	0.00	0.00	0.00	0.00	6.04	6.10	34.52	34.53	0.24	2003.00	1.00
22	0.00	11.36	0.00	0.00	0.00	0.00	0.00	0.00	0.00	0.00	0.00	0.00	6.20	6.18	34.58	34.58	0.30	2003.00	1.00
23	204.50	0.00	0.00	0.00	0.00	0.00	204.50	0.00	0.00	0.00	0.00	0.00	6.66	6.67	34.64	34.56	0.70	2003.00	1.00
24	136.33	22.72	0.00	0.00	0.00	11.36	22.72	0.00	0.00	0.00	0.00	0.00	6.77	6.80	34.47	34.55	1.44	2003.00	1.00
25	272.73	79.55	79.55	147.73	22.73	0.00	0.00	0.00	0.00	0.00	0.00	0.00	7.90	NA	33.97	NA	NA	2002.00	2.00
26	56.82	56.82	56.82	0.00	34.09	0.00	102.27	0.00	0.00	0.00	0.00	0.00	9.00	NA	34.14	NA	NA	2002.00	2.00
27	11.36	11.36	22.73	0.00	11.36	0.00	0.00	0.00	0.00	0.00	0.00	0.00	9.80	NA	33.81	NA	NA	2002.00	2.00
28	113.64	45.45	56.82	45.45	0.00	0.00	22.73	0.00	0.00	0.00	0.00	0.00	10.60	NA	33.94	NA	NA	2002.00	2.00
29	34.09	11.36	79.55	22.73	11.36	0.00	11.36	0.00	0.00	0.00	0.00	0.00	11.97	NA	33.85	33.83	0.30	2002.00	2.00
30	45.45	125.00	125.00	79.55	11.36	11.36	11.36	0.00	11.36	0.00	11.36	0.00	13.34	12.01	33.61	34.26	1.44	2002.00	2.00
31	113.64	45.45	11.36	34.09	0.00	0.00	11.36	0.00	11.36	0.00	22.73	0.00	13.67	12.04	34.33	34.51	0.87	2002.00	2.00
32	11.36	125.00	79.55	102.27	34.09	0.00	56.82	0.00	34.09	11.36	113.64	0.00	13.23	12.49	34.13	34.53	0.90	2002.00	2.00
33	34.09	34.09	340.91	409.09	45.45	11.36	0.00	11.36	0.00	0.00	11.36	0.00	14.14	13.04	33.70	34.51	0.39	2002.00	2.00
34	0.00	0.00	45.45	113.64	0.00	45.45	22.73	0.00	0.00	0.00	0.00	0.00	13.33	13.04	34.28	34.62	0.69	2002.00	2.00
35	181.82	329.55	90.91	750.00	11.36	56.82	68.18	0.00	0.00	0.00	0.00	0.00	13.10	13.06	34.47	34.65	2.28	2002.00	2.00
36	68.18	147.73	68.18	568.18	56.82	45.45	56.82	0.00	0.00	0.00	11.36	0.00	13.09	13.00	34.16	34.47	1.02	2002.00	2.00
37	0.00	11.36	0.00	22.73	0.00	0.00	0.00	0.00	0.00	0.00	0.00	0.00	12.11	11.89	34.19	34.59	0.75	2002.00	2.00
38	0.00	0.00	0.00	0.00	0.00	0.00	0.00	0.00	0.00	0.00	0.00	0.00	8.64	9.15	34.05	34.48	0.27	2002.00	2.00
39	0.00	0.00	0.00	0.00	0.00	0.00	0.00	0.00	0.00	0.00	0.00	0.00	8.03	8.77	34.30	34.67	0.27	2003.00	2.00
40	0.00	0.00	0.00	0.00	0.00	0.00	0.00	0.00	0.00	0.00	0.00	0.00	8.60	8.87	32.99	34.11	0.10	2003.00	2.00
41	45.45	22.73	0.00	11.36	11.36	0.00	0.00	0.00	0.00	0.00	0.00	0.00	7.25	7.72	33.68	34.17	0.16	2003.00	2.00
42	22.73	0.00	0.00	0.00	0.00	0.00	0.00	0.00	0.00	0.00	0.00	0.00	7.54	7.78	33.96	34.24	0.30	2003.00	2.00
43	125.00	45.45	0.00	56.82	11.36	0.00	0.00	0.00	0.00	0.00	0.00	0.00	7.40	7.75	33.61	34.18	0.56	2003.00	2.00
44	284.09	102.27	11.36	159.09	11.36	0.00	45.45	0.00	0.00	0.00	0.00	11.36	7.94	8.08	33.73	34.13	4.16	2003.00	2.00
45	409.09	204.55	0.00	136.36	11.36	0.00	79.55	0.00	0.00	0.00	0.00	0.00	8.31	7.89	33.78	34.26	0.75	2003.00	2.00
